# vtk DataFile Version 2.0
Unstructured Grid guide2
ASCII

DATASET UNSTRUCTURED_GRID
Points 528 float
 +0.00000000E+00 -3.23200000E+01 -7.15475000E+00 +0.00000000E+00 -3.23200000E+01 -3.11475000E+00
 +4.04000000E+00 -3.23200000E+01 -3.11475000E+00 +4.04000000E+00 -3.23200000E+01 -7.15475000E+00
 +0.00000000E+00 -2.82800000E+01 -7.15475000E+00 +0.00000000E+00 -2.82800000E+01 -3.11475000E+00
 +4.04000000E+00 -2.96072453E+01 -4.34719939E+00 +4.04000000E+00 -2.82800000E+01 -7.15475000E+00
 +8.08000000E+00 -3.23200000E+01 -3.11475000E+00 +8.08000000E+00 -3.23200000E+01 -7.15475000E+00
 +8.08000000E+00 -2.82800000E+01 -3.11475000E+00 +8.08000000E+00 -2.82800000E+01 -7.15475000E+00
 +0.00000000E+00 -2.82800000E+01 -1.11947500E+01 +4.04000000E+00 -2.82800000E+01 -1.11947500E+01
 +0.00000000E+00 -2.42400000E+01 -1.11947500E+01 +0.00000000E+00 -2.42400000E+01 -7.15475000E+00
 +4.03999961E+00 -2.42166153E+01 -7.15010143E+00 +4.04000000E+00 -2.42400000E+01 -1.11947500E+01
 +0.00000000E+00 -2.42400000E+01 -3.11475000E+00 +4.04000000E+00 -2.32599000E+01 -4.02510000E+00
 +8.08000000E+00 -2.42400000E+01 -3.11475000E+00 +8.08000000E+00 -2.42400000E+01 -7.15475000E+00
 +8.08000000E+00 -2.82800000E+01 -1.11947500E+01 +8.08000000E+00 -2.42400000E+01 -1.11947500E+01
 +0.00000000E+00 -2.02000000E+01 -1.11947500E+01 +0.00000000E+00 -2.02000000E+01 -7.15475000E+00
 +4.04000000E+00 -2.02000000E+01 -7.15475000E+00 +4.03983534E+00 -2.01728039E+01 -1.14583275E+01
 +8.08000000E+00 -2.02000000E+01 -7.15475000E+00 +8.08000000E+00 -2.02000000E+01 -1.11947500E+01
 +0.00000000E+00 -1.61600000E+01 -1.11947500E+01 +0.00000000E+00 -1.61600000E+01 -7.15475000E+00
 +4.03989368E+00 -1.58403833E+01 -7.20731026E+00 +4.04000000E+00 -1.61600000E+01 -1.11947500E+01
 +0.00000000E+00 -2.02000000E+01 -3.11475000E+00 +4.04000000E+00 -2.02000000E+01 -3.11475000E+00
 +0.00000000E+00 -1.61600000E+01 -3.11475000E+00 +4.04000000E+00 -1.57850000E+01 -3.11475000E+00
 +8.08000000E+00 -2.02000000E+01 -3.11475000E+00 +8.08000000E+00 -1.61600000E+01 -3.11475000E+00
 +8.08000000E+00 -1.61600000E+01 -7.15475000E+00 +8.08000000E+00 -1.61600000E+01 -1.11947500E+01
 +0.00000000E+00 +1.61600000E+01 -1.11947500E+01 +0.00000000E+00 +1.61600000E+01 -7.15475000E+00
 +4.03989368E+00 +1.58403833E+01 -7.20731026E+00 +4.04000000E+00 +1.61600000E+01 -1.11947500E+01
 +0.00000000E+00 +2.02000000E+01 -1.11947500E+01 +0.00000000E+00 +2.02000000E+01 -7.15475000E+00
 +4.04000000E+00 +2.02000000E+01 -7.15475000E+00 +4.03983534E+00 +2.01728039E+01 -1.14583275E+01
 +0.00000000E+00 +1.61600000E+01 -3.11475000E+00 +4.04000000E+00 +1.57850000E+01 -3.11475000E+00
 +0.00000000E+00 +2.02000000E+01 -3.11475000E+00 +4.04000000E+00 +2.02000000E+01 -3.11475000E+00
 +8.08000000E+00 +1.61600000E+01 -3.11475000E+00 +8.08000000E+00 +1.61600000E+01 -7.15475000E+00
 +8.08000000E+00 +2.02000000E+01 -3.11475000E+00 +8.08000000E+00 +2.02000000E+01 -7.15475000E+00
 +8.08000000E+00 +1.61600000E+01 -1.11947500E+01 +8.08000000E+00 +2.02000000E+01 -1.11947500E+01
 +0.00000000E+00 +2.42400000E+01 -1.11947500E+01 +0.00000000E+00 +2.42400000E+01 -7.15475000E+00
 +4.03999961E+00 +2.42165654E+01 -7.15008500E+00 +4.04000000E+00 +2.42400000E+01 -1.11947500E+01
 +8.08000000E+00 +2.42400000E+01 -7.15475000E+00 +8.08000000E+00 +2.42400000E+01 -1.11947500E+01
 +0.00000000E+00 +2.82800000E+01 -1.11947500E+01 +0.00000000E+00 +2.82800000E+01 -7.15475000E+00
 +4.04000000E+00 +2.82800000E+01 -7.15475000E+00 +4.04000000E+00 +2.82800000E+01 -1.11947500E+01
 +0.00000000E+00 +2.42400000E+01 -3.11475000E+00 +4.04000000E+00 +2.32599000E+01 -4.02510000E+00
 +0.00000000E+00 +2.82800000E+01 -3.11475000E+00 +4.04000000E+00 +2.96072453E+01 -4.34719939E+00
 +8.08000000E+00 +2.42400000E+01 -3.11475000E+00 +8.08000000E+00 +2.82800000E+01 -3.11475000E+00
 +8.08000000E+00 +2.82800000E+01 -7.15475000E+00 +8.08000000E+00 +2.82800000E+01 -1.11947500E+01
 +0.00000000E+00 +3.23200000E+01 -7.15475000E+00 +0.00000000E+00 +3.23200000E+01 -3.11475000E+00
 +4.04000000E+00 +3.23200000E+01 -3.11475000E+00 +4.04000000E+00 +3.23200000E+01 -7.15475000E+00
 +8.08000000E+00 +3.23200000E+01 -3.11475000E+00 +8.08000000E+00 +3.23200000E+01 -7.15475000E+00
 +0.00000000E+00 -2.82800000E+01 +4.96525000E+00 +0.00000000E+00 -2.82800000E+01 +9.00525000E+00
 +4.04000000E+00 -2.82800000E+01 +9.00525000E+00 +4.04023007E+00 -2.83842549E+01 +5.06126496E+00
 +0.00000000E+00 -2.42400000E+01 +4.96525000E+00 +0.00000000E+00 -2.42400000E+01 +9.00525000E+00
 +4.03788056E+00 -2.51098013E+01 +9.54024860E+00 +4.04000000E+00 -2.42400000E+01 +4.96525000E+00
 +8.08000000E+00 -2.82800000E+01 +9.00525000E+00 +8.08000000E+00 -2.82800000E+01 +4.96525000E+00
 +8.08000000E+00 -2.42400000E+01 +9.00525000E+00 +8.08000000E+00 -2.42400000E+01 +4.96525000E+00
 +0.00000000E+00 -3.23200000E+01 +9.25250000E-01 +4.04001011E+00 -3.23335344E+01 +9.29202785E-01
 +0.00000000E+00 -2.82800000E+01 +9.25250000E-01 +4.03373227E+00 -3.02339703E+01 +3.25484598E+00
 +0.00000000E+00 -3.23200000E+01 +4.96525000E+00 +4.04000000E+00 -3.23200000E+01 +4.96525000E+00
 +8.08000000E+00 -3.23200000E+01 +4.96525000E+00 +8.08000000E+00 -3.23200000E+01 +9.25250000E-01
 +8.08000000E+00 -2.82800000E+01 +9.25250000E-01 +0.00000000E+00 -2.42400000E+01 +9.25250000E-01
 +4.04000000E+00 -2.42400000E+01 +9.25250000E-01 +8.08000000E+00 -2.42400000E+01 +9.25250000E-01
 +0.00000000E+00 -2.02000000E+01 +4.96525000E+00 +0.00000000E+00 -2.02000000E+01 +9.00525000E+00
 +4.04000000E+00 -2.02000000E+01 +9.00525000E+00 +4.04000000E+00 -2.02000000E+01 +4.96525000E+00
 +0.00000000E+00 -2.42400000E+01 +1.30452500E+01 +4.04000000E+00 -2.42400000E+01 +1.30452500E+01
 +0.00000000E+00 -2.02000000E+01 +1.30452500E+01 +4.03496220E+00 -2.31165390E+01 +1.39548126E+01
 +8.08000000E+00 -2.42400000E+01 +1.30452500E+01 +8.08000000E+00 -2.02000000E+01 +1.30452500E+01
 +8.08000000E+00 -2.02000000E+01 +9.00525000E+00 +8.08000000E+00 -2.02000000E+01 +4.96525000E+00
 +0.00000000E+00 -1.61600000E+01 +4.96525000E+00 +0.00000000E+00 -1.61600000E+01 +9.00525000E+00
 +4.04000000E+00 -1.51376655E+01 +8.73130876E+00 +4.04000000E+00 -1.57850000E+01 +4.96525000E+00
 +0.00000000E+00 -1.61600000E+01 +1.30452500E+01 +4.04000000E+00 -1.41276414E+01 +1.25006662E+01
 +8.08000000E+00 -1.61600000E+01 +1.30452500E+01 +8.08000000E+00 -1.61600000E+01 +9.00525000E+00
 +8.08000000E+00 -1.61600000E+01 +4.96525000E+00 +0.00000000E+00 -2.02000000E+01 +9.25250000E-01
 +4.04000000E+00 -2.02000000E+01 +9.25250000E-01 +8.08000000E+00 -2.02000000E+01 +9.25250000E-01
 +0.00000000E+00 -1.61600000E+01 +9.25250000E-01 +4.04000000E+00 -1.57850000E+01 +9.25250000E-01
 +8.08000000E+00 -1.61600000E+01 +9.25250000E-01 +0.00000000E+00 -1.21200000E+01 +9.00525000E+00
 +0.00000000E+00 -1.21200000E+01 +1.30452500E+01 +4.04000000E+00 -1.21200000E+01 +1.30452500E+01
 +4.04000000E+00 -1.21200000E+01 +9.00525000E+00 +8.08000000E+00 -1.21200000E+01 +1.30452500E+01
 +8.08000000E+00 -1.21200000E+01 +9.00525000E+00 +0.00000000E+00 +1.21200000E+01 +9.00525000E+00
 +0.00000000E+00 +1.21200000E+01 +1.30452500E+01 +4.04000000E+00 +1.21200000E+01 +1.30452500E+01
 +4.04000000E+00 +1.21200000E+01 +9.00525000E+00 +0.00000000E+00 +1.61600000E+01 +9.00525000E+00
 +0.00000000E+00 +1.61600000E+01 +1.30452500E+01 +4.04000000E+00 +1.41276414E+01 +1.25006662E+01
 +4.04000000E+00 +1.51376655E+01 +8.73130876E+00 +8.08000000E+00 +1.21200000E+01 +1.30452500E+01
 +8.08000000E+00 +1.21200000E+01 +9.00525000E+00 +8.08000000E+00 +1.61600000E+01 +1.30452500E+01
 +8.08000000E+00 +1.61600000E+01 +9.00525000E+00 +0.00000000E+00 +1.61600000E+01 +4.96525000E+00
 +4.04000000E+00 +1.57850000E+01 +4.96525000E+00 +0.00000000E+00 +2.02000000E+01 +4.96525000E+00
 +0.00000000E+00 +2.02000000E+01 +9.00525000E+00 +4.04000000E+00 +2.02000000E+01 +9.00525000E+00
 +4.04000000E+00 +2.02000000E+01 +4.96525000E+00 +0.00000000E+00 +2.02000000E+01 +1.30452500E+01
 +4.03369290E+00 +2.31253476E+01 +1.39313511E+01 +8.08000000E+00 +2.02000000E+01 +1.30452500E+01
 +8.08000000E+00 +2.02000000E+01 +9.00525000E+00 +8.08000000E+00 +1.61600000E+01 +4.96525000E+00
 +8.08000000E+00 +2.02000000E+01 +4.96525000E+00 +0.00000000E+00 +2.42400000E+01 +4.96525000E+00
 +0.00000000E+00 +2.42400000E+01 +9.00525000E+00 +4.03831119E+00 +2.51124968E+01 +9.53194200E+00
 +4.04000000E+00 +2.42400000E+01 +4.96525000E+00 +0.00000000E+00 +2.42400000E+01 +1.30452500E+01
 +4.04000000E+00 +2.42400000E+01 +1.30452500E+01 +8.08000000E+00 +2.42400000E+01 +1.30452500E+01
 +8.08000000E+00 +2.42400000E+01 +9.00525000E+00 +8.08000000E+00 +2.42400000E+01 +4.96525000E+00
 +0.00000000E+00 +1.61600000E+01 +9.25250000E-01 +4.04000000E+00 +1.57850000E+01 +9.25250000E-01
 +0.00000000E+00 +2.02000000E+01 +9.25250000E-01 +4.04000000E+00 +2.02000000E+01 +9.25250000E-01
 +8.08000000E+00 +1.61600000E+01 +9.25250000E-01 +8.08000000E+00 +2.02000000E+01 +9.25250000E-01
 +0.00000000E+00 +2.42400000E+01 +9.25250000E-01 +4.04000000E+00 +2.42400000E+01 +9.25250000E-01
 +8.08000000E+00 +2.42400000E+01 +9.25250000E-01 +0.00000000E+00 +2.82800000E+01 +4.96525000E+00
 +0.00000000E+00 +2.82800000E+01 +9.00525000E+00 +4.04000000E+00 +2.82800000E+01 +9.00525000E+00
 +4.04023007E+00 +2.83842549E+01 +5.06126496E+00 +8.08000000E+00 +2.82800000E+01 +9.00525000E+00
 +8.08000000E+00 +2.82800000E+01 +4.96525000E+00 +0.00000000E+00 +2.82800000E+01 +9.25250000E-01
 +4.03499604E+00 +3.02510375E+01 +3.23654221E+00 +8.08000000E+00 +2.82800000E+01 +9.25250000E-01
 +0.00000000E+00 +3.23200000E+01 +9.25250000E-01 +4.04001011E+00 +3.23335344E+01 +9.29202785E-01
 +0.00000000E+00 +3.23200000E+01 +4.96525000E+00 +4.04000000E+00 +3.23200000E+01 +4.96525000E+00
 +8.08000000E+00 +3.23200000E+01 +4.96525000E+00 +8.08000000E+00 +3.23200000E+01 +9.25250000E-01
 -8.08000000E+00 -2.02000000E+01 +2.11252500E+01 -8.08000000E+00 -2.02000000E+01 +2.51652500E+01
 -4.04000000E+00 -2.02000000E+01 +2.51652500E+01 -4.04000000E+00 -2.02000000E+01 +2.11252500E+01
 -8.08000000E+00 -1.61600000E+01 +2.11252500E+01 -8.08000000E+00 -1.61600000E+01 +2.51652500E+01
 -4.04135265E+00 -1.86379949E+01 +2.35541682E+01 -4.04000000E+00 -1.61600000E+01 +2.11252500E+01
 -8.08000000E+00 -2.02000000E+01 +2.92052500E+01 -4.04000000E+00 -2.02000000E+01 +2.92052500E+01
 -8.08000000E+00 -1.61600000E+01 +2.92052500E+01 -4.04085232E+00 -1.74398008E+01 +3.07840004E+01
 +0.00000000E+00 -2.02000000E+01 +2.92052500E+01 +0.00000000E+00 -2.02000000E+01 +2.51652500E+01
 -8.53033481E-04 -1.74408677E+01 +3.07853165E+01 +0.00000000E+00 -1.86035244E+01 +2.35052674E+01
 +0.00000000E+00 -2.02000000E+01 +2.11252500E+01 +0.00000000E+00 -1.61600000E+01 +2.11252500E+01
 +4.04000000E+00 -2.02000000E+01 +2.51652500E+01 +4.04000000E+00 -2.10716228E+01 +2.13588030E+01
 +4.04000000E+00 -1.61600000E+01 +2.51652500E+01 +4.04000000E+00 -1.61600000E+01 +2.11252500E+01
 +4.04000000E+00 -2.02000000E+01 +2.92052500E+01 +4.04091445E+00 -1.74975432E+01 +3.07391157E+01
 +8.08000000E+00 -2.02000000E+01 +2.92052500E+01 +8.08000000E+00 -2.02000000E+01 +2.51652500E+01
 +8.08000000E+00 -1.61600000E+01 +2.92052500E+01 +8.08000000E+00 -1.61600000E+01 +2.51652500E+01
 +8.08000000E+00 -2.02000000E+01 +2.11252500E+01 +8.08000000E+00 -1.61600000E+01 +2.11252500E+01
 +0.00000000E+00 -2.42400000E+01 +1.70852500E+01 +4.04000000E+00 -2.42400000E+01 +1.70852500E+01
 +0.00000000E+00 -2.02000000E+01 +1.70852500E+01 +4.04000000E+00 -2.20816315E+01 +1.75894367E+01
 +0.00000000E+00 -2.42400000E+01 +2.11252500E+01 +4.04000000E+00 -2.42400000E+01 +2.11252500E+01
 +8.08000000E+00 -2.42400000E+01 +2.11252500E+01 +8.08000000E+00 -2.42400000E+01 +1.70852500E+01
 +8.08000000E+00 -2.02000000E+01 +1.70852500E+01 +0.00000000E+00 -1.61600000E+01 +1.70852500E+01
 +4.04000000E+00 -1.61600000E+01 +1.70852500E+01 +8.08000000E+00 -1.61600000E+01 +1.70852500E+01
 -8.08000000E+00 -1.21200000E+01 +2.11252500E+01 -8.08000000E+00 -1.21200000E+01 +2.51652500E+01
 -6.58599000E+00 -1.10000000E+01 +2.65000000E+01 -4.04000000E+00 -1.21200000E+01 +2.10000000E+01
 -8.08000000E+00 -1.21200000E+01 +2.92052500E+01 -4.04000000E+00 -1.21200000E+01 +3.20000000E+01
 +0.00000000E+00 -1.21200000E+01 +3.20000000E+01 +0.00000000E+00 -1.21200000E+01 +2.51652500E+01
 +0.00000000E+00 -1.21200000E+01 +2.10000000E+01 -8.08000000E+00 -8.08000000E+00 +2.11252500E+01
 -8.08000000E+00 -8.08000000E+00 +2.51652500E+01 -4.04000000E+00 -8.08000000E+00 +2.51652500E+01
 -4.04000000E+00 -8.08000000E+00 +2.10000000E+01 -8.08000000E+00 -8.08000000E+00 +2.92052500E+01
 -4.04000000E+00 -8.08000000E+00 +3.20000000E+01 +2.00000000E+00 -8.08000000E+00 +2.92052500E+01
 +2.00000000E+00 -8.08000000E+00 +2.51652500E+01 +0.00000000E+00 -8.08000000E+00 +2.10000000E+01
 +4.04000000E+00 -1.21200000E+01 +2.51652500E+01 +4.04000000E+00 -1.12501030E+01 +2.05724747E+01
 +4.03689819E+00 -1.07832891E+01 +3.09550659E+01 +8.08000000E+00 -1.21200000E+01 +2.92052500E+01
 +8.08000000E+00 -1.21200000E+01 +2.51652500E+01 +8.08000000E+00 -1.21200000E+01 +2.11252500E+01
 +4.04000000E+00 -8.08000000E+00 +2.51652500E+01 +4.04000000E+00 -8.08000000E+00 +2.11252500E+01
 +4.04000000E+00 -8.08000000E+00 +2.92052500E+01 +8.08000000E+00 -8.08000000E+00 +2.92052500E+01
 +8.08000000E+00 -8.08000000E+00 +2.51652500E+01 +8.08000000E+00 -8.08000000E+00 +2.11252500E+01
 +0.00000000E+00 -1.21200000E+01 +1.70852500E+01 +4.04000000E+00 -1.21200000E+01 +1.70852500E+01
 +8.08000000E+00 -1.21200000E+01 +1.70852500E+01 -8.08000000E+00 -4.04000000E+00 +2.11252500E+01
 -8.08000000E+00 -4.04000000E+00 +2.51652500E+01 -4.04000000E+00 -4.04000000E+00 +2.51652500E+01
 -4.04000000E+00 -4.04000000E+00 +2.10000000E+01 -8.08000000E+00 -4.04000000E+00 +2.92052500E+01
 -4.04000000E+00 -4.04000000E+00 +2.92052500E+01 +2.00000000E+00 -4.04000000E+00 +2.92052500E+01
 +2.00000000E+00 -4.04000000E+00 +2.51652500E+01 +0.00000000E+00 -4.04000000E+00 +2.10000000E+01
 -8.08000000E+00 +0.00000000E+00 +2.11252500E+01 -8.08000000E+00 +0.00000000E+00 +2.51652500E+01
 -4.04000000E+00 +0.00000000E+00 +2.51652500E+01 -4.04000000E+00 +0.00000000E+00 +2.10000000E+01
 -8.08000000E+00 +0.00000000E+00 +2.92052500E+01 -4.04000000E+00 +0.00000000E+00 +2.92052500E+01
 +2.00000000E+00 +0.00000000E+00 +2.92052500E+01 +2.00000000E+00 +0.00000000E+00 +2.51652500E+01
 +0.00000000E+00 +0.00000000E+00 +2.10000000E+01 +4.04000000E+00 -4.04000000E+00 +2.51652500E+01
 +4.04000000E+00 -4.04000000E+00 +2.11252500E+01 +4.04000000E+00 -4.04000000E+00 +2.92052500E+01
 +4.04000000E+00 +0.00000000E+00 +2.51652500E+01 +4.04000000E+00 +0.00000000E+00 +2.11252500E+01
 +4.04000000E+00 +0.00000000E+00 +2.92052500E+01 -8.08000000E+00 +4.04000000E+00 +2.11252500E+01
 -8.08000000E+00 +4.04000000E+00 +2.51652500E+01 -4.04000000E+00 +4.04000000E+00 +2.51652500E+01
 -4.04000000E+00 +4.04000000E+00 +2.10000000E+01 -8.08000000E+00 +4.04000000E+00 +2.92052500E+01
 -4.04000000E+00 +4.04000000E+00 +2.92052500E+01 +2.00000000E+00 +4.04000000E+00 +2.92052500E+01
 +2.00000000E+00 +4.04000000E+00 +2.51652500E+01 +0.00000000E+00 +4.04000000E+00 +2.10000000E+01
 -8.08000000E+00 +8.08000000E+00 +2.11252500E+01 -8.08000000E+00 +8.08000000E+00 +2.51652500E+01
 -4.04000000E+00 +8.08000000E+00 +2.51652500E+01 -4.04000000E+00 +8.08000000E+00 +2.10000000E+01
 -8.08000000E+00 +8.08000000E+00 +2.92052500E+01 -4.04000000E+00 +8.08000000E+00 +3.20000000E+01
 +2.00000000E+00 +8.08000000E+00 +2.92052500E+01 +2.00000000E+00 +8.08000000E+00 +2.51652500E+01
 +0.00000000E+00 +8.08000000E+00 +2.10000000E+01 +4.04000000E+00 +4.04000000E+00 +2.51652500E+01
 +4.04000000E+00 +4.04000000E+00 +2.11252500E+01 +4.04000000E+00 +4.04000000E+00 +2.92052500E+01
 +4.04000000E+00 +8.08000000E+00 +2.51652500E+01 +4.04000000E+00 +8.08000000E+00 +2.11252500E+01
 +4.04000000E+00 +8.08000000E+00 +2.92052500E+01 -8.08000000E+00 +1.21200000E+01 +2.11252500E+01
 -8.08000000E+00 +1.21200000E+01 +2.51652500E+01 -4.04000000E+00 +1.21200000E+01 +2.51652500E+01
 -4.04000000E+00 +1.21200000E+01 +2.10000000E+01 -8.08000000E+00 +1.21200000E+01 +2.92052500E+01
 -4.04000000E+00 +1.21200000E+01 +3.20000000E+01 +0.00000000E+00 +1.21200000E+01 +3.20000000E+01
 +0.00000000E+00 +1.21200000E+01 +2.51652500E+01 +0.00000000E+00 +1.21200000E+01 +2.10000000E+01
 -8.08000000E+00 +1.61600000E+01 +2.11252500E+01 -8.08000000E+00 +1.61600000E+01 +2.51652500E+01
 -4.04135265E+00 +1.86379949E+01 +2.35541682E+01 -4.04000000E+00 +1.61600000E+01 +2.11252500E+01
 -8.08000000E+00 +1.61600000E+01 +2.92052500E+01 -4.04085232E+00 +1.74398008E+01 +3.07840004E+01
 -8.53033481E-04 +1.74408677E+01 +3.07853165E+01 +0.00000000E+00 +1.86035244E+01 +2.35052674E+01
 +0.00000000E+00 +1.61600000E+01 +2.11252500E+01 +4.04000000E+00 +1.21200000E+01 +2.51652500E+01
 +4.04000000E+00 +1.12501030E+01 +2.05724747E+01 +4.03689819E+00 +1.07832891E+01 +3.09550659E+01
 +8.08000000E+00 +8.08000000E+00 +2.92052500E+01 +8.08000000E+00 +8.08000000E+00 +2.51652500E+01
 +8.08000000E+00 +1.21200000E+01 +2.92052500E+01 +8.08000000E+00 +1.21200000E+01 +2.51652500E+01
 +8.08000000E+00 +8.08000000E+00 +2.11252500E+01 +8.08000000E+00 +1.21200000E+01 +2.11252500E+01
 +4.04000000E+00 +1.61600000E+01 +2.51652500E+01 +4.04000000E+00 +1.61600000E+01 +2.11252500E+01
 +4.04091445E+00 +1.74975432E+01 +3.07391157E+01 +8.08000000E+00 +1.61600000E+01 +2.92052500E+01
 +8.08000000E+00 +1.61600000E+01 +2.51652500E+01 +8.08000000E+00 +1.61600000E+01 +2.11252500E+01
 +0.00000000E+00 +1.21200000E+01 +1.70852500E+01 +4.04000000E+00 +1.21200000E+01 +1.70852500E+01
 +0.00000000E+00 +1.61600000E+01 +1.70852500E+01 +4.04000000E+00 +1.61600000E+01 +1.70852500E+01
 +8.08000000E+00 +1.21200000E+01 +1.70852500E+01 +8.08000000E+00 +1.61600000E+01 +1.70852500E+01
 -8.08000000E+00 +2.02000000E+01 +2.11252500E+01 -8.08000000E+00 +2.02000000E+01 +2.51652500E+01
 -4.04000000E+00 +2.02000000E+01 +2.51652500E+01 -4.04000000E+00 +2.02000000E+01 +2.11252500E+01
 -8.08000000E+00 +2.02000000E+01 +2.92052500E+01 -4.04000000E+00 +2.02000000E+01 +2.92052500E+01
 +0.00000000E+00 +2.02000000E+01 +2.92052500E+01 +0.00000000E+00 +2.02000000E+01 +2.51652500E+01
 +0.00000000E+00 +2.02000000E+01 +2.11252500E+01 +4.04000000E+00 +2.02000000E+01 +2.51652500E+01
 +4.04000000E+00 +2.10716228E+01 +2.13588030E+01 +4.04000000E+00 +2.02000000E+01 +2.92052500E+01
 +8.08000000E+00 +2.02000000E+01 +2.92052500E+01 +8.08000000E+00 +2.02000000E+01 +2.51652500E+01
 +8.08000000E+00 +2.02000000E+01 +2.11252500E+01 +0.00000000E+00 +2.02000000E+01 +1.70852500E+01
 +4.04000000E+00 +2.20816315E+01 +1.75894367E+01 +8.08000000E+00 +2.02000000E+01 +1.70852500E+01
 +0.00000000E+00 +2.42400000E+01 +1.70852500E+01 +4.04000000E+00 +2.42400000E+01 +1.70852500E+01
 +0.00000000E+00 +2.42400000E+01 +2.11252500E+01 +4.04000000E+00 +2.42400000E+01 +2.11252500E+01
 +8.08000000E+00 +2.42400000E+01 +2.11252500E+01 +8.08000000E+00 +2.42400000E+01 +1.70852500E+01
 -8.08000000E+00 -2.02000000E+01 +3.32452500E+01 -4.04000000E+00 -2.02000000E+01 +3.32452500E+01
 -8.08000000E+00 -1.61600000E+01 +3.32452500E+01 -4.04000000E+00 -1.61600000E+01 +3.32452500E+01
 +0.00000000E+00 -2.02000000E+01 +3.32452500E+01 +0.00000000E+00 -1.61600000E+01 +3.32452500E+01
 +4.04000000E+00 -2.02000000E+01 +3.32452500E+01 +4.04000000E+00 -1.61600000E+01 +3.32452500E+01
 +8.08000000E+00 -2.02000000E+01 +3.32452500E+01 +8.08000000E+00 -1.61600000E+01 +3.32452500E+01
 -8.08000000E+00 -1.21200000E+01 +3.32452500E+01 -4.04000000E+00 -1.21200000E+01 +3.32452500E+01
 +0.00000000E+00 -1.21200000E+01 +3.32452500E+01 -8.08000000E+00 -8.08000000E+00 +3.32452500E+01
 -4.04000000E+00 -8.08000000E+00 +3.32452500E+01 +0.00000000E+00 -8.08000000E+00 +3.32452500E+01
 +4.04000000E+00 -1.21200000E+01 +3.32452500E+01 +8.08000000E+00 -1.21200000E+01 +3.32452500E+01
 +4.04000000E+00 -8.08000000E+00 +3.32452500E+01 +8.08000000E+00 -8.08000000E+00 +3.32452500E+01
 -8.08000000E+00 -4.04000000E+00 +3.32452500E+01 -4.03999442E+00 -3.57644345E+00 +3.39917186E+01
 -8.08000000E+00 -8.08000000E+00 +3.72852500E+01 -4.04000000E+00 -8.08000000E+00 +3.72852500E+01
 -8.08000000E+00 -4.04000000E+00 +3.72852500E+01 -4.04000000E+00 -4.04000000E+00 +3.72852500E+01
 +0.00000000E+00 -8.08000000E+00 +3.72852500E+01 +0.00000000E+00 -4.04000000E+00 +3.72852500E+01
 -5.21133255E-06 -3.57632014E+00 +3.39916276E+01 -8.08000000E+00 +0.00000000E+00 +3.32452500E+01
 -4.04000000E+00 +0.00000000E+00 +3.32452500E+01 +0.00000000E+00 +0.00000000E+00 +3.32452500E+01
 -8.08000000E+00 -8.08000000E+00 +4.13252500E+01 -4.04000000E+00 -8.50000000E+00 +4.13252500E+01
 -8.08000000E+00 -4.04000000E+00 +4.13252500E+01 -4.04000000E+00 -4.04000000E+00 +4.13252500E+01
 -8.08000000E+00 -8.08000000E+00 +4.53652500E+01 -4.04000000E+00 -8.50000000E+00 +4.53652500E+01
 -8.08000000E+00 -4.04000000E+00 +4.53652500E+01 -4.04000000E+00 -4.04000000E+00 +4.53652500E+01
 +0.00000000E+00 -8.50000000E+00 +4.53652500E+01 +0.00000000E+00 -8.50000000E+00 +4.13252500E+01
 +0.00000000E+00 -4.04000000E+00 +4.53652500E+01 +0.00000000E+00 -4.04000000E+00 +4.13252500E+01
 +4.04000000E+00 -8.08000000E+00 +4.13252500E+01 +4.04000000E+00 -8.08000000E+00 +3.72852500E+01
 +4.04000000E+00 -4.04000000E+00 +4.13252500E+01 +4.04000000E+00 -4.04000000E+00 +3.72852500E+01
 +4.04000000E+00 -8.08000000E+00 +4.53652500E+01 +4.04000000E+00 -4.04000000E+00 +4.53652500E+01
 +4.04000000E+00 -4.04000000E+00 +3.32452500E+01 +4.04000000E+00 +0.00000000E+00 +3.32452500E+01
 -8.08000000E+00 +4.04000000E+00 +3.32452500E+01 -4.04000325E+00 +3.57632566E+00 +3.39916187E+01
 -3.24716621E-06 +3.57631778E+00 +3.39916314E+01 -8.08000000E+00 +8.08000000E+00 +3.32452500E+01
 -4.04000000E+00 +8.08000000E+00 +3.32452500E+01 -8.08000000E+00 +4.04000000E+00 +3.72852500E+01
 -4.04000000E+00 +4.04000000E+00 +3.72852500E+01 -8.08000000E+00 +8.08000000E+00 +3.72852500E+01
 -4.04000000E+00 +8.08000000E+00 +3.72852500E+01 +0.00000000E+00 +4.04000000E+00 +3.72852500E+01
 +0.00000000E+00 +8.08000000E+00 +3.72852500E+01 +0.00000000E+00 +8.08000000E+00 +3.32452500E+01
 -8.08000000E+00 +4.04000000E+00 +4.13252500E+01 -4.04000000E+00 +4.04000000E+00 +4.13252500E+01
 -8.08000000E+00 +8.08000000E+00 +4.13252500E+01 -4.04000000E+00 +8.50000000E+00 +4.13252500E+01
 -8.08000000E+00 +4.04000000E+00 +4.53652500E+01 -4.04000000E+00 +4.04000000E+00 +4.53652500E+01
 -8.08000000E+00 +8.08000000E+00 +4.53652500E+01 -4.04000000E+00 +8.50000000E+00 +4.53652500E+01
 +0.00000000E+00 +4.04000000E+00 +4.53652500E+01 +0.00000000E+00 +4.04000000E+00 +4.13252500E+01
 +0.00000000E+00 +8.50000000E+00 +4.53652500E+01 +0.00000000E+00 +8.50000000E+00 +4.13252500E+01
 +4.04000000E+00 +4.04000000E+00 +4.13252500E+01 +4.04000000E+00 +4.04000000E+00 +3.72852500E+01
 +4.04000000E+00 +8.08000000E+00 +4.13252500E+01 +4.04000000E+00 +8.08000000E+00 +3.72852500E+01
 +4.04000000E+00 +4.04000000E+00 +4.53652500E+01 +4.04000000E+00 +8.08000000E+00 +4.53652500E+01
 +4.04000000E+00 +4.04000000E+00 +3.32452500E+01 +4.04000000E+00 +8.08000000E+00 +3.32452500E+01
 -8.08000000E+00 +1.21200000E+01 +3.32452500E+01 -4.04000000E+00 +1.21200000E+01 +3.32452500E+01
 +0.00000000E+00 +1.21200000E+01 +3.32452500E+01 -8.08000000E+00 +1.61600000E+01 +3.32452500E+01
 -4.04000000E+00 +1.61600000E+01 +3.32452500E+01 +0.00000000E+00 +1.61600000E+01 +3.32452500E+01
 +4.04000000E+00 +1.21200000E+01 +3.32452500E+01 +8.08000000E+00 +8.08000000E+00 +3.32452500E+01
 +8.08000000E+00 +1.21200000E+01 +3.32452500E+01 +4.04000000E+00 +1.61600000E+01 +3.32452500E+01
 +8.08000000E+00 +1.61600000E+01 +3.32452500E+01 -8.08000000E+00 +2.02000000E+01 +3.32452500E+01
 -4.04000000E+00 +2.02000000E+01 +3.32452500E+01 +0.00000000E+00 +2.02000000E+01 +3.32452500E+01
 +4.04000000E+00 +2.02000000E+01 +3.32452500E+01 +8.08000000E+00 +2.02000000E+01 +3.32452500E+01
 -8.08000000E+00 -8.08000000E+00 +4.94052500E+01 -4.04000000E+00 -8.08000000E+00 +4.94052500E+01
 -8.08000000E+00 -4.04000000E+00 +4.94052500E+01 -4.04000000E+00 -4.04000000E+00 +4.94052500E+01
 -8.08000000E+00 -8.08000000E+00 +5.34452500E+01 -4.08889136E+00 -8.08000000E+00 +5.36275956E+01
 -8.08000000E+00 -4.04000000E+00 +5.34452500E+01 -4.08889136E+00 -4.04000000E+00 +5.36275956E+01
 +0.00000000E+00 -8.08000000E+00 +5.34452500E+01 -3.18575488E-01 -8.07981040E+00 +4.93466541E+01
 +0.00000000E+00 -4.04000000E+00 +5.34452500E+01 -3.16249807E-01 -4.03981179E+00 +4.93470819E+01
 -8.08000000E+00 +0.00000000E+00 +4.53652500E+01 -8.08000000E+00 +0.00000000E+00 +4.94052500E+01
 -4.04000000E+00 +0.00000000E+00 +4.94052500E+01 -4.04000000E+00 +0.00000000E+00 +4.53652500E+01
 -8.08000000E+00 +0.00000000E+00 +5.34452500E+01 -4.04000000E+00 +0.00000000E+00 +5.34452500E+01
 +0.00000000E+00 +0.00000000E+00 +5.34452500E+01 +0.00000000E+00 +0.00000000E+00 +4.94052500E+01
 +0.00000000E+00 +0.00000000E+00 +4.53652500E+01 +4.04000000E+00 -8.08000000E+00 +4.94052500E+01
 +4.04000000E+00 -4.04000000E+00 +4.94052500E+01 +4.04000000E+00 -8.08000000E+00 +5.34452500E+01
 +4.04000000E+00 -4.04000000E+00 +5.34452500E+01 +4.04000000E+00 +0.00000000E+00 +4.94052500E+01
 +4.04000000E+00 +0.00000000E+00 +4.53652500E+01 +4.04000000E+00 +0.00000000E+00 +5.34452500E+01
 -8.08000000E+00 +4.04000000E+00 +4.94052500E+01 -4.04000000E+00 +4.04000000E+00 +4.94052500E+01
 -8.08000000E+00 +4.04000000E+00 +5.34452500E+01 -4.08889136E+00 +4.04000000E+00 +5.36275956E+01
 +0.00000000E+00 +4.04000000E+00 +5.34452500E+01 -9.53498537E-01 +4.04039759E+00 +4.91978233E+01
 -8.08000000E+00 +8.08000000E+00 +4.94052500E+01 -4.04000000E+00 +8.08000000E+00 +4.94052500E+01
 -8.08000000E+00 +8.08000000E+00 +5.34452500E+01 -4.08889136E+00 +8.08000000E+00 +5.36275956E+01
 +0.00000000E+00 +8.08000000E+00 +5.34452500E+01 +0.00000000E+00 +8.50000000E+00 +4.94052500E+01
 +4.04000000E+00 +4.04000000E+00 +4.94052500E+01 +4.04000000E+00 +4.04000000E+00 +5.34452500E+01
 +4.04000000E+00 +8.08000000E+00 +4.94052500E+01 +4.04000000E+00 +8.08000000E+00 +5.34452500E+01

CELLS 254 2286
8 0 1 2 3 4 5 6 7
8 3 2 8 9 7 6 10 11
8 12 4 7 13 14 15 16 17
8 4 5 6 7 15 18 19 16
8 7 6 10 11 16 19 20 21
8 13 7 11 22 17 16 21 23
8 14 15 16 17 24 25 26 27
8 17 16 21 23 27 26 28 29
8 24 25 26 27 30 31 32 33
8 25 34 35 26 31 36 37 32
8 26 35 38 28 32 37 39 40
8 27 26 28 29 33 32 40 41
8 42 43 44 45 46 47 48 49
8 43 50 51 44 47 52 53 48
8 44 51 54 55 48 53 56 57
8 45 44 55 58 49 48 57 59
8 46 47 48 49 60 61 62 63
8 49 48 57 59 63 62 64 65
8 60 61 62 63 66 67 68 69
8 61 70 71 62 67 72 73 68
8 62 71 74 64 68 73 75 76
8 63 62 64 65 69 68 76 77
8 67 72 73 68 78 79 80 81
8 68 73 75 76 81 80 82 83
8 84 85 86 87 88 89 90 91
8 87 86 92 93 91 90 94 95
8 1 96 97 2 5 98 99 6
8 96 100 101 97 98 84 87 99
8 97 101 102 103 99 87 93 104
8 2 97 103 8 6 99 104 10
8 5 98 99 6 18 105 106 19
8 98 84 87 99 105 88 91 106
8 99 87 93 104 106 91 95 107
8 6 99 104 10 19 106 107 20
8 88 89 90 91 108 109 110 111
8 89 112 113 90 109 114 115 110
8 90 113 116 94 110 115 117 118
8 91 90 94 95 111 110 118 119
8 108 109 110 111 120 121 122 123
8 109 114 115 110 121 124 125 122
8 110 115 117 118 122 125 126 127
8 111 110 118 119 123 122 127 128
8 18 105 106 19 34 129 130 35
8 105 88 91 106 129 108 111 130
8 106 91 95 107 130 111 119 131
8 19 106 107 20 35 130 131 38
8 34 129 130 35 36 132 133 37
8 129 108 111 130 132 120 123 133
8 130 111 119 131 133 123 128 134
8 35 130 131 38 37 133 134 39
8 121 124 125 122 135 136 137 138
8 122 125 126 127 138 137 139 140
8 141 142 143 144 145 146 147 148
8 144 143 149 150 148 147 151 152
8 153 145 148 154 155 156 157 158
8 145 146 147 148 156 159 160 157
8 148 147 151 152 157 160 161 162
8 154 148 152 163 158 157 162 164
8 155 156 157 158 165 166 167 168
8 156 159 160 157 166 169 170 167
8 157 160 161 162 167 170 171 172
8 158 157 162 164 168 167 172 173
8 50 174 175 51 52 176 177 53
8 174 153 154 175 176 155 158 177
8 175 154 163 178 177 158 164 179
8 51 175 178 54 53 177 179 56
8 52 176 177 53 70 180 181 71
8 176 155 158 177 180 165 168 181
8 177 158 164 179 181 168 173 182
8 53 177 179 56 71 181 182 74
8 165 166 167 168 183 184 185 186
8 168 167 172 173 186 185 187 188
8 70 180 181 71 72 189 190 73
8 180 165 168 181 189 183 186 190
8 181 168 173 182 190 186 188 191
8 71 181 182 74 73 190 191 75
8 72 189 190 73 79 192 193 80
8 189 183 186 190 192 194 195 193
8 190 186 188 191 193 195 196 197
8 73 190 191 75 80 193 197 82
8 198 199 200 201 202 203 204 205
8 199 206 207 200 203 208 209 204
8 200 207 210 211 204 209 212 213
8 201 200 211 214 205 204 213 215
8 214 211 216 217 215 213 218 219
8 211 210 220 216 213 212 221 218
8 216 220 222 223 218 221 224 225
8 217 216 223 226 219 218 225 227
8 112 228 229 113 114 230 231 115
8 228 232 233 229 230 214 217 231
8 229 233 234 235 231 217 226 236
8 113 229 235 116 115 231 236 117
8 114 230 231 115 124 237 238 125
8 230 214 217 231 237 215 219 238
8 231 217 226 236 238 219 227 239
8 115 231 236 117 125 238 239 126
8 202 203 204 205 240 241 242 243
8 203 208 209 204 241 244 245 242
8 204 209 212 213 242 245 246 247
8 205 204 213 215 243 242 247 248
8 240 241 242 243 249 250 251 252
8 241 244 245 242 250 253 254 251
8 242 245 246 247 251 254 255 256
8 243 242 247 248 252 251 256 257
8 215 213 218 219 248 247 258 259
8 213 212 221 218 247 246 260 258
8 218 221 224 225 258 260 261 262
8 219 218 225 227 259 258 262 263
8 248 247 258 259 257 256 264 265
8 247 246 260 258 256 255 266 264
8 258 260 261 262 264 266 267 268
8 259 258 262 263 265 264 268 269
8 124 237 238 125 136 270 271 137
8 237 215 219 238 270 248 259 271
8 238 219 227 239 271 259 263 272
8 125 238 239 126 137 271 272 139
8 249 250 251 252 273 274 275 276
8 250 253 254 251 274 277 278 275
8 251 254 255 256 275 278 279 280
8 252 251 256 257 276 275 280 281
8 273 274 275 276 282 283 284 285
8 274 277 278 275 283 286 287 284
8 275 278 279 280 284 287 288 289
8 276 275 280 281 285 284 289 290
8 257 256 264 265 281 280 291 292
8 256 255 266 264 280 279 293 291
8 281 280 291 292 290 289 294 295
8 280 279 293 291 289 288 296 294
8 282 283 284 285 297 298 299 300
8 283 286 287 284 298 301 302 299
8 284 287 288 289 299 302 303 304
8 285 284 289 290 300 299 304 305
8 297 298 299 300 306 307 308 309
8 298 301 302 299 307 310 311 308
8 299 302 303 304 308 311 312 313
8 300 299 304 305 309 308 313 314
8 290 289 294 295 305 304 315 316
8 289 288 296 294 304 303 317 315
8 305 304 315 316 314 313 318 319
8 304 303 317 315 313 312 320 318
8 306 307 308 309 321 322 323 324
8 307 310 311 308 322 325 326 323
8 308 311 312 313 323 326 327 328
8 309 308 313 314 324 323 328 329
8 321 322 323 324 330 331 332 333
8 322 325 326 323 331 334 335 332
8 323 326 327 328 332 335 336 337
8 324 323 328 329 333 332 337 338
8 314 313 318 319 329 328 339 340
8 313 312 320 318 328 327 341 339
8 318 320 342 343 339 341 344 345
8 319 318 343 346 340 339 345 347
8 329 328 339 340 338 337 348 349
8 328 327 341 339 337 336 350 348
8 339 341 344 345 348 350 351 352
8 340 339 345 347 349 348 352 353
8 142 354 355 143 146 356 357 147
8 354 329 340 355 356 338 349 357
8 355 340 347 358 357 349 353 359
8 143 355 358 149 147 357 359 151
8 330 331 332 333 360 361 362 363
8 331 334 335 332 361 364 365 362
8 332 335 336 337 362 365 366 367
8 333 332 337 338 363 362 367 368
8 338 337 348 349 368 367 369 370
8 337 336 350 348 367 366 371 369
8 348 350 351 352 369 371 372 373
8 349 348 352 353 370 369 373 374
8 146 356 357 147 159 375 376 160
8 356 338 349 357 375 368 370 376
8 357 349 353 359 376 370 374 377
8 147 357 359 151 160 376 377 161
8 159 375 376 160 169 378 379 170
8 375 368 370 376 378 380 381 379
8 376 370 374 377 379 381 382 383
8 160 376 377 161 170 379 383 171
8 206 384 385 207 208 386 387 209
8 207 385 388 210 209 387 389 212
8 210 388 390 220 212 389 391 221
8 220 390 392 222 221 391 393 224
8 208 386 387 209 244 394 395 245
8 209 387 389 212 245 395 396 246
8 244 394 395 245 253 397 398 254
8 245 395 396 246 254 398 399 255
8 212 389 391 221 246 396 400 260
8 221 391 393 224 260 400 401 261
8 246 396 400 260 255 399 402 266
8 260 400 401 261 266 402 403 267
8 253 397 398 254 277 404 405 278
8 397 406 407 398 404 408 409 405
8 398 407 410 399 405 409 411 412
8 254 398 399 255 278 405 412 279
8 277 404 405 278 286 413 414 287
8 278 405 412 279 287 414 415 288
8 406 416 417 407 408 418 419 409
8 416 420 421 417 418 422 423 419
8 417 421 424 425 419 423 426 427
8 407 417 425 410 409 419 427 411
8 410 425 428 429 411 427 430 431
8 425 424 432 428 427 426 433 430
8 255 399 402 266 279 412 434 293
8 399 410 429 402 412 411 431 434
8 279 412 434 293 288 415 435 296
8 286 413 414 287 301 436 437 302
8 287 414 415 288 302 437 438 303
8 301 436 437 302 310 439 440 311
8 436 441 442 437 439 443 444 440
8 437 442 445 438 440 444 446 447
8 302 437 438 303 311 440 447 312
8 441 448 449 442 443 450 451 444
8 448 452 453 449 450 454 455 451
8 449 453 456 457 451 455 458 459
8 442 449 457 445 444 451 459 446
8 445 457 460 461 446 459 462 463
8 457 456 464 460 459 458 465 462
8 288 415 435 296 303 438 466 317
8 303 438 466 317 312 447 467 320
8 438 445 461 466 447 446 463 467
8 310 439 440 311 325 468 469 326
8 311 440 447 312 326 469 470 327
8 325 468 469 326 334 471 472 335
8 326 469 470 327 335 472 473 336
8 312 447 467 320 327 470 474 341
8 320 467 475 342 341 474 476 344
8 327 470 474 341 336 473 477 350
8 341 474 476 344 350 477 478 351
8 334 471 472 335 364 479 480 365
8 335 472 473 336 365 480 481 366
8 336 473 477 350 366 481 482 371
8 350 477 478 351 371 482 483 372
8 420 484 485 421 422 486 487 423
8 484 488 489 485 486 490 491 487
8 485 489 492 493 487 491 494 495
8 421 485 493 424 423 487 495 426
8 422 486 487 423 496 497 498 499
8 486 490 491 487 497 500 501 498
8 487 491 494 495 498 501 502 503
8 423 487 495 426 499 498 503 504
8 424 493 505 432 426 495 506 433
8 493 492 507 505 495 494 508 506
8 426 495 506 433 504 503 509 510
8 495 494 508 506 503 502 511 509
8 496 497 498 499 452 512 513 453
8 497 500 501 498 512 514 515 513
8 498 501 502 503 513 515 516 517
8 499 498 503 504 453 513 517 456
8 452 512 513 453 454 518 519 455
8 512 514 515 513 518 520 521 519
8 513 515 516 517 519 521 522 523
8 453 513 517 456 455 519 523 458
8 504 503 509 510 456 517 524 464
8 503 502 511 509 517 516 525 524
8 456 517 524 464 458 523 526 465
8 517 516 525 524 523 522 527 526

CELL_TYPES 254

12
12
12
12
12
12
12
12
12
12
12
12
12
12
12
12
12
12
12
12
12
12
12
12
12
12
12
12
12
12

12
12
12
12
12
12
12
12
12
12
12
12
12
12
12
12
12
12
12
12
12
12
12
12
12
12
12
12
12
12

12
12
12
12
12
12
12
12
12
12
12
12
12
12
12
12
12
12
12
12
12
12
12
12
12
12
12
12
12
12

12
12
12
12
12
12
12
12
12
12
12
12
12
12
12
12
12
12
12
12
12
12
12
12
12
12
12
12
12
12

12
12
12
12
12
12
12
12
12
12
12
12
12
12
12
12
12
12
12
12
12
12
12
12
12
12
12
12
12
12

12
12
12
12
12
12
12
12
12
12
12
12
12
12
12
12
12
12
12
12
12
12
12
12
12
12
12
12
12
12

12
12
12
12
12
12
12
12
12
12
12
12
12
12
12
12
12
12
12
12
12
12
12
12
12
12
12
12
12
12

12
12
12
12
12
12
12
12
12
12
12
12
12
12
12
12
12
12
12
12
12
12
12
12
12
12
12
12
12
12

12
12
12
12
12
12
12
12
12
12
12
12
12
12
