[Nodes, ARRAY1<STRING>]
593

1 +0.00000000E+00 -2.94633659E+01 -4.50214554E+00
1 +0.00000000E+00 -3.14778326E+01 -2.33273276E+00
1 +4.04000000E+00 -3.14778326E+01 -2.33273276E+00
1 +4.04000000E+00 -2.94633659E+01 -4.50214554E+00
1 +0.00000000E+00 -2.75927787E+01 -6.51661217E+00
1 +0.00000000E+00 -2.82800000E+01 -3.11475000E+00
1 +4.04000000E+00 -2.96072453E+01 -4.34719939E+00
1 +4.04000000E+00 -2.75927787E+01 -6.51661217E+00
1 +8.00000000E+00 -3.14778326E+01 -2.33273276E+00
1 +8.00000000E+00 -2.94633659E+01 -4.50214554E+00
1 +8.00000000E+00 -2.82800000E+01 -3.11475000E+00
1 +8.00000000E+00 -2.75927787E+01 -6.51661217E+00
1 +0.00000000E+00 -2.55783121E+01 -8.68602495E+00
1 +4.04000000E+00 -2.55783121E+01 -8.68602495E+00
1 +2.70911520E-04 -2.37285970E+01 -1.05350695E+01
1 +2.37474786E-01 -2.44734708E+01 -7.20122583E+00
1 +4.03999961E+00 -2.42166153E+01 -7.15010143E+00
1 +4.03944633E+00 -2.37391108E+01 -1.05264288E+01
1 +0.00000000E+00 -2.42400000E+01 -3.11475000E+00
1 +4.04000000E+00 -2.32599000E+01 -4.02510000E+00
1 +8.00000000E+00 -2.42400000E+01 -3.11475000E+00
1 +8.00000000E+00 -2.42400000E+01 -7.15475000E+00
1 +8.00000000E+00 -2.55783121E+01 -8.68602495E+00
1 +8.00000000E+00 -2.37375362E+01 -1.05243278E+01
1 +0.00000000E+00 -2.02000000E+01 -1.11947500E+01
1 +5.00000000E-01 -1.84762933E+01 -9.12062092E+00
1 +4.04000000E+00 -1.84762933E+01 -9.12062092E+00
1 +4.03983534E+00 -2.01728039E+01 -1.14583275E+01
1 +8.00000000E+00 -1.84782473E+01 -9.12205943E+00
1 +8.00000000E+00 -2.02000000E+01 -1.11947500E+01
1 +1.18132891E-03 -1.72541860E+01 -1.00327462E+01
1 +0.00000000E+00 -1.61600000E+01 -7.15475000E+00
1 +4.03989368E+00 -1.58403833E+01 -7.20731026E+00
1 +4.03837130E+00 -1.72954216E+01 -1.00750649E+01
1 +2.78420494E-01 -2.01457265E+01 -2.84082098E+00
1 +4.04000319E+00 -2.01886726E+01 -3.05785947E+00
1 +0.00000000E+00 -1.61600000E+01 -3.11475000E+00
1 +4.04000000E+00 -1.57850000E+01 -3.11475000E+00
1 +8.00000000E+00 -2.01887412E+01 -3.05793713E+00
1 +8.00000000E+00 -1.61600000E+01 -3.11475000E+00
1 +8.00000000E+00 -1.61600000E+01 -7.15475000E+00
1 +8.00000000E+00 -1.72983026E+01 -1.00722238E+01
1 +0.00000000E+00 -1.58099263E+01 -6.95065517E+00
1 +0.00000000E+00 -1.57850000E+01 -3.11475000E+00
1 +4.04000000E+00 -1.57850000E+01 -3.11475000E+00
1 +4.03845306E+00 -1.58116135E+01 -6.95056186E+00
1 +8.00000000E+00 -1.57850000E+01 -3.11475000E+00
1 +8.00000000E+00 -1.58111820E+01 -6.92999994E+00
1 +0.00000000E+00 +1.58099263E+01 -6.95065517E+00
1 +0.00000000E+00 +1.57850000E+01 -3.11475000E+00
1 +4.04000000E+00 +1.57850000E+01 -3.11475000E+00
1 +4.03859559E+00 +1.58096797E+01 -6.93009141E+00
1 +0.00000000E+00 +1.61600000E+01 -7.15475000E+00
1 +0.00000000E+00 +1.61600000E+01 -3.11475000E+00
1 +4.04000000E+00 +1.57850000E+01 -3.11475000E+00
1 +4.03989368E+00 +1.58403833E+01 -7.20731026E+00
1 +8.00000000E+00 +1.57850000E+01 -3.11475000E+00
1 +8.00000000E+00 +1.58111820E+01 -6.92999994E+00
1 +8.00000000E+00 +1.61600000E+01 -3.11475000E+00
1 +8.00000000E+00 +1.61600000E+01 -7.15475000E+00
1 +1.18132891E-03 +1.72541860E+01 -1.00327462E+01
1 +4.03837130E+00 +1.72954216E+01 -1.00750649E+01
1 +0.00000000E+00 +2.02000000E+01 -1.11947500E+01
1 +5.00000000E-01 +1.84762933E+01 -9.12062092E+00
1 +4.04014757E+00 +1.84764251E+01 -9.12047067E+00
1 +4.03983534E+00 +2.01728039E+01 -1.14583275E+01
1 +2.78338087E-01 +2.01454812E+01 -2.84093641E+00
1 +4.04000319E+00 +2.01886989E+01 -3.05772385E+00
1 +8.00000000E+00 +2.01887412E+01 -3.05793713E+00
1 +8.00000000E+00 +1.84782473E+01 -9.12205943E+00
1 +8.00000000E+00 +1.72983026E+01 -1.00722238E+01
1 +8.00000000E+00 +2.02000000E+01 -1.11947500E+01
1 +2.70911520E-04 +2.37285970E+01 -1.05350695E+01
1 +2.37514009E-01 +2.44735210E+01 -7.20115128E+00
1 +4.03999961E+00 +2.42165654E+01 -7.15008500E+00
1 +4.03944633E+00 +2.37391108E+01 -1.05264288E+01
1 +8.00000000E+00 +2.42400000E+01 -7.15475000E+00
1 +8.00000000E+00 +2.37375362E+01 -1.05243278E+01
1 +0.00000000E+00 +2.55783121E+01 -8.68602495E+00
1 +0.00000000E+00 +2.75927787E+01 -6.51661217E+00
1 +4.04000000E+00 +2.75927787E+01 -6.51661217E+00
1 +4.04000000E+00 +2.55783121E+01 -8.68602495E+00
1 +0.00000000E+00 +2.42400000E+01 -3.11475000E+00
1 +4.04000000E+00 +2.32599000E+01 -4.02510000E+00
1 +0.00000000E+00 +2.82800000E+01 -3.11475000E+00
1 +4.04000000E+00 +2.96072453E+01 -4.34719939E+00
1 +8.00000000E+00 +2.42400000E+01 -3.11475000E+00
1 +8.00000000E+00 +2.82800000E+01 -3.11475000E+00
1 +8.00000000E+00 +2.75927787E+01 -6.51661217E+00
1 +8.00000000E+00 +2.55783121E+01 -8.68602495E+00
1 +0.00000000E+00 +2.94633659E+01 -4.50214554E+00
1 +0.00000000E+00 +3.14778326E+01 -2.33273276E+00
1 +4.04000000E+00 +3.14778326E+01 -2.33273276E+00
1 +4.04000000E+00 +2.94633659E+01 -4.50214554E+00
1 +8.00000000E+00 +3.14778326E+01 -2.33273276E+00
1 +8.00000000E+00 +2.94633659E+01 -4.50214554E+00
1 +0.00000000E+00 -2.82800000E+01 +4.96525000E+00
1 +0.00000000E+00 -2.63300190E+01 +7.62596253E+00
1 +4.03995838E+00 -2.63299615E+01 +7.62592188E+00
1 +4.04023007E+00 -2.83842549E+01 +5.06126496E+00
1 +0.00000000E+00 -2.42400000E+01 +4.96525000E+00
1 +0.00000000E+00 -2.42400000E+01 +9.00525000E+00
1 +4.03788056E+00 -2.51098013E+01 +9.54024860E+00
1 +4.03464756E+00 -2.68775357E+01 +6.86382306E+00
1 +8.00000000E+00 -2.63461519E+01 +7.61321123E+00
1 +8.00000000E+00 -2.82800000E+01 +4.96525000E+00
1 +8.00000000E+00 -2.42400000E+01 +9.00525000E+00
1 +8.00000000E+00 -2.42400000E+01 +4.96525000E+00
1 +0.00000000E+00 -3.23200000E+01 +9.25250000E-01
1 +4.04001011E+00 -3.23335344E+01 +9.29202785E-01
1 +0.00000000E+00 -2.82800000E+01 +9.25250000E-01
1 +4.03373227E+00 -3.02339703E+01 +3.25484598E+00
1 +5.48185537E-03 -3.06110267E+01 +2.92774853E+00
1 +4.04000000E+00 -3.05996075E+01 +2.94787087E+00
1 +8.00000000E+00 -3.05996075E+01 +2.94787087E+00
1 +8.00000000E+00 -3.23200000E+01 +9.25250000E-01
1 +8.00000000E+00 -2.82800000E+01 +9.25250000E-01
1 +0.00000000E+00 -2.42400000E+01 +9.25250000E-01
1 +8.00000000E+00 -2.42400000E+01 +9.25250000E-01
1 +8.00000000E+00 -2.42400000E+01 +9.25250000E-01
1 +0.00000000E+00 -2.02000000E+01 +4.96525000E+00
1 +0.00000000E+00 -2.02000000E+01 +9.00525000E+00
1 +8.00000000E+00 -2.02000000E+01 +9.00525000E+00
1 +8.00000000E+00 -2.02000000E+01 +4.96525000E+00
1 +0.00000000E+00 -2.35473747E+01 +1.27859302E+01
1 +4.04179807E+00 -2.35552435E+01 +1.27698520E+01
1 +0.00000000E+00 -2.02000000E+01 +1.30452500E+01
1 +4.03496220E+00 -2.31165390E+01 +1.39548126E+01
1 +8.00000000E+00 -2.35641900E+01 +1.27734501E+01
1 +8.00000000E+00 -2.02000000E+01 +1.30452500E+01
1 +8.00000000E+00 -2.02000000E+01 +9.00525000E+00
1 +8.00000000E+00 -2.02000000E+01 +4.96525000E+00
1 +0.00000000E+00 -1.61600000E+01 +4.96525000E+00
1 +0.00000000E+00 -1.61600000E+01 +9.00525000E+00
1 +4.04000000E+00 -1.51376655E+01 +8.73130876E+00
1 +4.04000000E+00 -1.57850000E+01 +4.96525000E+00
1 +0.00000000E+00 -1.61600000E+01 +1.30452500E+01
1 +4.04000000E+00 -1.41276414E+01 +1.25006662E+01
1 +8.00000000E+00 -1.61600000E+01 +1.30452500E+01
1 +8.00000000E+00 -1.61600000E+01 +9.00525000E+00
1 +8.00000000E+00 -1.61600000E+01 +4.96525000E+00
1 +0.00000000E+00 -2.02000000E+01 +9.25250000E-01
1 +4.03978603E+00 -2.04617736E+01 -3.02122521E+00
1 +8.00000000E+00 -2.02000000E+01 +9.25250000E-01
1 +0.00000000E+00 -1.61600000E+01 +9.25250000E-01
1 +4.04000000E+00 -1.57850000E+01 +9.25250000E-01
1 +8.00000000E+00 -1.61600000E+01 +9.25250000E-01
1 +0.00000000E+00 -1.57850000E+01 +4.96525000E+00
1 +0.00000000E+00 -1.48670229E+01 +9.74133280E+00
1 +4.04000000E+00 -1.48670229E+01 +9.74133280E+00
1 +4.04000000E+00 -1.57850000E+01 +4.96525000E+00
1 +0.00000000E+00 -1.38569989E+01 +1.35106902E+01
1 +4.04000000E+00 -1.38569989E+01 +1.35106902E+01
1 +8.00000000E+00 -1.38569989E+01 +1.35106902E+01
1 +8.00000000E+00 -1.48670229E+01 +9.74133280E+00
1 +8.00000000E+00 -1.57850000E+01 +4.96525000E+00
1 +0.00000000E+00 -1.57850000E+01 +9.25250000E-01
1 +4.04000000E+00 -1.57850000E+01 +9.25250000E-01
1 +8.00000000E+00 -1.57850000E+01 +9.25250000E-01
1 +0.00000000E+00 +1.57850000E+01 +4.96525000E+00
1 +0.00000000E+00 +1.48670229E+01 +9.74133280E+00
1 +4.04000000E+00 +1.48670229E+01 +9.74133280E+00
1 +4.04000000E+00 +1.57850000E+01 +4.96525000E+00
1 +0.00000000E+00 +1.61600000E+01 +4.96525000E+00
1 +0.00000000E+00 +1.61600000E+01 +9.00525000E+00
1 +4.04000000E+00 +1.51376655E+01 +8.73130876E+00
1 +4.04000000E+00 +1.57850000E+01 +4.96525000E+00
1 +0.00000000E+00 +1.38569989E+01 +1.35106902E+01
1 +4.04000000E+00 +1.38569989E+01 +1.35106902E+01
1 +0.00000000E+00 +1.61600000E+01 +1.30452500E+01
1 +4.04000000E+00 +1.41276414E+01 +1.25006662E+01
1 +8.00000000E+00 +1.38569989E+01 +1.35106902E+01
1 +8.00000000E+00 +1.48670229E+01 +9.74133280E+00
1 +8.00000000E+00 +1.61600000E+01 +1.30452500E+01
1 +8.00000000E+00 +1.61600000E+01 +9.00525000E+00
1 +8.00000000E+00 +1.57850000E+01 +4.96525000E+00
1 +8.00000000E+00 +1.61600000E+01 +4.96525000E+00
1 +0.00000000E+00 +1.57850000E+01 +9.25250000E-01
1 +4.04000000E+00 +1.57850000E+01 +9.25250000E-01
1 +0.00000000E+00 +1.61600000E+01 +9.25250000E-01
1 +4.04000000E+00 +1.57850000E+01 +9.25250000E-01
1 +8.00000000E+00 +1.57850000E+01 +9.25250000E-01
1 +8.00000000E+00 +1.61600000E+01 +9.25250000E-01
1 +0.00000000E+00 +2.02000000E+01 +4.96525000E+00
1 +0.00000000E+00 +2.02000000E+01 +9.00525000E+00
1 +8.00000000E+00 +2.02000000E+01 +9.00525000E+00
1 +8.00000000E+00 +2.02000000E+01 +4.96525000E+00
1 +0.00000000E+00 +2.02000000E+01 +1.30452500E+01
1 +4.03369290E+00 +2.31253476E+01 +1.39313511E+01
1 +8.00000000E+00 +2.02000000E+01 +1.30452500E+01
1 +8.00000000E+00 +2.02000000E+01 +9.00525000E+00
1 +8.00000000E+00 +2.02000000E+01 +4.96525000E+00
1 +0.00000000E+00 +2.42400000E+01 +4.96525000E+00
1 +0.00000000E+00 +2.42400000E+01 +9.00525000E+00
1 +4.03831119E+00 +2.51124968E+01 +9.53194200E+00
1 +4.03329332E+00 +2.68942465E+01 +6.84268826E+00
1 +0.00000000E+00 +2.35473747E+01 +1.27859302E+01
1 +4.04179807E+00 +2.35552435E+01 +1.27698520E+01
1 +8.00000000E+00 +2.35641900E+01 +1.27734501E+01
1 +8.00000000E+00 +2.42400000E+01 +9.00525000E+00
1 +8.00000000E+00 +2.42400000E+01 +4.96525000E+00
1 +0.00000000E+00 +2.02000000E+01 +9.25250000E-01
1 +4.03978606E+00 +2.04582841E+01 -3.02157250E+00
1 +8.00000000E+00 +2.02000000E+01 +9.25250000E-01
1 +0.00000000E+00 +2.42400000E+01 +9.25250000E-01
1 +8.00000000E+00 +2.42400000E+01 +9.25250000E-01
1 +8.00000000E+00 +2.42400000E+01 +9.25250000E-01
1 +0.00000000E+00 +2.82800000E+01 +4.96525000E+00
1 +4.92713938E-03 +2.63300273E+01 +7.62596839E+00
1 +4.03995843E+00 +2.63462079E+01 +7.61325159E+00
1 +4.04023007E+00 +2.83842549E+01 +5.06126496E+00
1 +8.00000000E+00 +2.63461519E+01 +7.61321123E+00
1 +8.00000000E+00 +2.82800000E+01 +4.96525000E+00
1 +0.00000000E+00 +2.82800000E+01 +9.25250000E-01
1 +4.03499604E+00 +3.02510375E+01 +3.23654221E+00
1 +8.00000000E+00 +2.82800000E+01 +9.25250000E-01
1 +0.00000000E+00 +3.23200000E+01 +9.25250000E-01
1 +4.04001011E+00 +3.23335344E+01 +9.29202785E-01
1 +0.00000000E+00 +3.06110194E+01 +2.92773988E+00
1 +4.04437838E+00 +3.05953792E+01 +2.94291271E+00
1 +8.00000000E+00 +3.05996075E+01 +2.94787087E+00
1 +8.00000000E+00 +3.23200000E+01 +9.25250000E-01
1 -8.00000000E+00 -1.80946214E+01 +2.28288424E+01
1 -8.00000000E+00 -1.93794000E+01 +2.53556000E+01
1 -4.04037234E+00 -1.93832601E+01 +2.53774094E+01
1 -4.04272921E+00 -1.81485868E+01 +2.28968272E+01
1 -8.00000000E+00 -1.60528002E+01 +2.14049062E+01
1 -8.00000000E+00 -1.61600000E+01 +2.51652500E+01
1 -4.04135265E+00 -1.86379949E+01 +2.35541682E+01
1 -4.04017491E+00 -1.60466779E+01 +2.13993714E+01
1 -8.00000000E+00 -1.90247000E+01 +2.87359000E+01
1 -4.04060835E+00 -1.90454475E+01 +2.86852065E+01
1 -8.00000000E+00 -1.61600000E+01 +2.92052500E+01
1 -4.04085232E+00 -1.74398008E+01 +3.07840004E+01
1 -6.09284649E-04 -1.90436778E+01 +2.86844094E+01
1 +0.00000000E+00 -2.00616141E+01 +2.51281692E+01
1 -8.53033481E-04 -1.74408677E+01 +3.07853165E+01
1 +0.00000000E+00 -1.86035244E+01 +2.35052674E+01
1 +0.00000000E+00 -2.02000000E+01 +2.11252500E+01
1 +0.00000000E+00 -1.61600000E+01 +2.11252500E+01
1 +4.04000000E+00 -2.00616141E+01 +2.51281692E+01
1 +4.04000000E+00 -2.10716228E+01 +2.13588030E+01
1 +4.04000000E+00 -1.97909804E+01 +2.61381780E+01
1 +8.00000000E+00 -1.61600000E+01 +2.11252500E+01
1 +4.03938978E+00 -1.90419081E+01 +2.86836123E+01
1 +4.04091445E+00 -1.74975432E+01 +3.07391157E+01
1 +8.00000000E+00 -1.90401732E+01 +2.86828308E+01
1 +8.00000000E+00 -2.00616141E+01 +2.51281692E+01
1 +8.00000000E+00 -1.61600000E+01 +2.92052500E+01
1 +8.00000000E+00 -1.61600000E+01 +2.51652500E+01
1 +8.00000000E+00 -2.02000000E+01 +2.11252500E+01
1 +8.00000000E+00 -1.61600000E+01 +2.11252500E+01
1 +0.00000000E+00 -2.23522653E+01 +1.65794280E+01
1 +4.04000000E+00 -2.23522653E+01 +1.65794280E+01
1 +0.00000000E+00 -2.02000000E+01 +1.70852500E+01
1 +4.04000000E+00 -2.20816315E+01 +1.75894367E+01
1 +0.00000000E+00 -2.13422565E+01 +2.03487942E+01
1 +4.04000000E+00 -2.13422565E+01 +2.03487942E+01
1 +8.00000000E+00 -2.13422565E+01 +2.03487942E+01
1 +8.00000000E+00 -2.23522653E+01 +1.65794280E+01
1 +8.00000000E+00 -2.02000000E+01 +1.70852500E+01
1 +0.00000000E+00 -1.61600000E+01 +1.70852500E+01
1 +4.04000000E+00 -1.31176174E+01 +1.62700236E+01
1 +8.00000000E+00 -1.61600000E+01 +1.70852500E+01
1 -8.00000000E+00 -1.21200000E+01 +2.10000000E+01
1 -8.00000000E+00 -1.21200000E+01 +2.11252500E+01
1 -4.04000000E+00 -1.21200000E+01 +2.10000000E+01
1 -4.04000000E+00 -1.21200000E+01 +2.10000000E+01
1 -8.00000000E+00 -8.08000000E+00 +2.10000000E+01
1 -8.00000000E+00 -8.08000000E+00 +2.11252500E+01
1 -4.04000000E+00 -8.08000000E+00 +2.10000000E+01
1 -4.04000000E+00 -8.08000000E+00 +2.10000000E+01
1 -8.00000000E+00 -1.21200000E+01 +2.51652500E+01
1 -6.58599000E+00 -1.10000000E+01 +2.65000000E+01
1 -8.00000000E+00 -1.21200000E+01 +2.92052500E+01
1 -4.04000000E+00 -1.21200000E+01 +3.20000000E+01
1 +0.00000000E+00 -1.21200000E+01 +3.20000000E+01
1 +2.00000000E+00 -9.42133641E+00 +2.34503865E+01
1 +0.00000000E+00 -1.21200000E+01 +2.10000000E+01
1 -8.00000000E+00 -8.08000000E+00 +2.51652500E+01
1 -8.00000000E+00 -8.08000000E+00 +2.51652500E+01
1 -8.00000000E+00 -8.08000000E+00 +2.92052500E+01
1 -4.04000000E+00 -8.08000000E+00 +3.20000000E+01
1 +2.00000000E+00 -8.08000000E+00 +2.92052500E+01
1 +2.00000000E+00 -8.08000000E+00 +2.51652500E+01
1 +0.00000000E+00 -8.08000000E+00 +2.10000000E+01
1 +4.04000000E+00 -9.42133641E+00 +2.34503865E+01
1 +4.04000000E+00 -1.12501030E+01 +2.05724747E+01
1 +4.03689819E+00 -1.07832891E+01 +3.09550659E+01
1 +8.00000000E+00 -1.21200000E+01 +2.92052500E+01
1 +8.00000000E+00 -1.21200000E+01 +2.51652500E+01
1 +8.00000000E+00 -1.21200000E+01 +2.11252500E+01
1 +4.04002818E+00 -8.63499859E+00 +2.52936492E+01
1 +2.00000000E+00 -8.08000000E+00 +2.11252500E+01
1 +4.04086362E+00 -8.99786034E+00 +2.87690288E+01
1 +8.00000000E+00 -8.99055622E+00 +2.87581468E+01
1 +8.00000000E+00 -8.64329797E+00 +2.52733939E+01
1 +8.00000000E+00 -1.00880148E+01 +2.24012413E+01
1 +0.00000000E+00 -1.28469748E+01 +1.72800477E+01
1 +4.04000000E+00 -1.28469748E+01 +1.72800477E+01
1 +8.00000000E+00 -1.28469748E+01 +1.72800477E+01
1 -8.00000000E+00 -4.04000000E+00 +2.10000000E+01
1 -8.00000000E+00 -4.04000000E+00 +2.11252500E+01
1 -4.04000000E+00 -4.04000000E+00 +2.10000000E+01
1 -4.04000000E+00 -4.04000000E+00 +2.10000000E+01
1 -8.00000000E+00 +0.00000000E+00 +2.10000000E+01
1 -8.00000000E+00 +0.00000000E+00 +2.11252500E+01
1 -4.04000000E+00 +0.00000000E+00 +2.10000000E+01
1 -4.04000000E+00 +0.00000000E+00 +2.10000000E+01
1 -8.00000000E+00 -4.04000000E+00 +2.51652500E+01
1 -8.00000000E+00 -4.04000000E+00 +2.51652500E+01
1 -8.00000000E+00 -4.04000000E+00 +2.92052500E+01
1 -8.00000000E+00 -4.04000000E+00 +2.92052500E+01
1 +2.00000000E+00 -4.04000000E+00 +2.92052500E+01
1 +2.00000000E+00 -4.04000000E+00 +2.51652500E+01
1 +0.00000000E+00 -4.04000000E+00 +2.10000000E+01
1 -8.00000000E+00 +0.00000000E+00 +2.51652500E+01
1 -8.00000000E+00 +0.00000000E+00 +2.51652500E+01
1 -8.00000000E+00 +0.00000000E+00 +2.92052500E+01
1 -4.03999994E+00 +5.91919994E-04 +3.30000000E+01
1 +2.00000000E+00 +0.00000000E+00 +2.92052500E+01
1 +2.00000000E+00 +0.00000000E+00 +2.51652500E+01
1 +0.00000000E+00 +0.00000000E+00 +2.10000000E+01
1 +2.00000000E+00 -4.04000000E+00 +2.51652500E+01
1 +2.00000000E+00 -4.04000000E+00 +2.11252500E+01
1 +2.00000000E+00 +0.00000000E+00 +2.51652500E+01
1 +2.00000000E+00 +0.00000000E+00 +2.11252500E+01
1 -8.00000000E+00 +4.04000000E+00 +2.10000000E+01
1 -8.00000000E+00 +4.04000000E+00 +2.11252500E+01
1 -4.04000000E+00 +4.04000000E+00 +2.10000000E+01
1 -4.04000000E+00 +4.04000000E+00 +2.10000000E+01
1 -8.00000000E+00 +8.08000000E+00 +2.10000000E+01
1 -8.00000000E+00 +8.08000000E+00 +2.11252500E+01
1 -4.04000000E+00 +8.08000000E+00 +2.10000000E+01
1 -4.04000000E+00 +8.08000000E+00 +2.10000000E+01
1 -8.00000000E+00 +4.04000000E+00 +2.51652500E+01
1 -7.69999000E+00 +4.56666000E+00 +2.51652500E+01
1 -8.00000000E+00 +4.04000000E+00 +2.92052500E+01
1 -7.69999000E+00 +4.04000000E+00 +2.85000000E+01
1 +2.00000000E+00 +4.04000000E+00 +2.92052500E+01
1 +2.00000000E+00 +4.04000000E+00 +2.51652500E+01
1 +0.00000000E+00 +4.04000000E+00 +2.10000000E+01
1 -8.00000000E+00 +8.08000000E+00 +2.51652500E+01
1 -7.69999000E+00 +7.77413112E+00 +2.52850284E+01
1 -8.00000000E+00 +8.08000000E+00 +2.92052500E+01
1 -4.04000000E+00 +8.08000000E+00 +3.20000000E+01
1 +2.00000000E+00 +8.08000000E+00 +2.92052500E+01
1 +2.00000000E+00 +8.08000000E+00 +2.51652500E+01
1 +0.00000000E+00 +8.08000000E+00 +2.10000000E+01
1 +2.00000000E+00 +4.04000000E+00 +2.51652500E+01
1 +2.00000000E+00 +4.04000000E+00 +2.11252500E+01
1 +4.04002818E+00 +8.63499859E+00 +2.52936492E+01
1 +2.00000000E+00 +8.08000000E+00 +2.11252500E+01
1 -8.00000000E+00 +1.21200000E+01 +2.10000000E+01
1 -8.00000000E+00 +1.21200000E+01 +2.11252500E+01
1 -4.04000000E+00 +1.21200000E+01 +2.10000000E+01
1 -4.04000000E+00 +1.21200000E+01 +2.10000000E+01
1 -8.00000000E+00 +1.21200000E+01 +2.51652500E+01
1 -7.69999000E+00 +1.21667000E+01 +2.50106000E+01
1 -8.00000000E+00 +1.21200000E+01 +2.92052500E+01
1 -4.04000000E+00 +1.21200000E+01 +3.20000000E+01
1 +0.00000000E+00 +1.21200000E+01 +3.20000000E+01
1 +2.00000000E+00 +9.42133641E+00 +2.34503865E+01
1 +0.00000000E+00 +1.21200000E+01 +2.10000000E+01
1 -8.00000000E+00 +1.60528002E+01 +2.14049062E+01
1 -8.00000000E+00 +1.61600000E+01 +2.51652500E+01
1 -4.04135265E+00 +1.86379949E+01 +2.35541682E+01
1 -4.04017491E+00 +1.60466779E+01 +2.13993714E+01
1 -8.00000000E+00 +1.61600000E+01 +2.92052500E+01
1 -4.04085232E+00 +1.74398008E+01 +3.07840004E+01
1 -8.53033481E-04 +1.74408677E+01 +3.07853165E+01
1 +0.00000000E+00 +1.86035244E+01 +2.35052674E+01
1 +0.00000000E+00 +1.61600000E+01 +2.11252500E+01
1 +4.04000000E+00 +9.42133641E+00 +2.34503865E+01
1 +4.04000000E+00 +1.12501030E+01 +2.05724747E+01
1 +4.04086362E+00 +8.99786034E+00 +2.87690288E+01
1 +4.03689819E+00 +1.07832891E+01 +3.09550659E+01
1 +8.00000000E+00 +8.99055622E+00 +2.87581468E+01
1 +8.00000000E+00 +8.64329797E+00 +2.52733939E+01
1 +8.00000000E+00 +1.21200000E+01 +2.92052500E+01
1 +8.00000000E+00 +1.21200000E+01 +2.51652500E+01
1 +8.00000000E+00 +1.00880148E+01 +2.24012413E+01
1 +8.00000000E+00 +1.21200000E+01 +2.11252500E+01
1 +4.04000000E+00 +1.97909804E+01 +2.61381780E+01
1 +8.00000000E+00 +1.61600000E+01 +2.11252500E+01
1 +4.04091445E+00 +1.74975432E+01 +3.07391157E+01
1 +8.00000000E+00 +1.61600000E+01 +2.92052500E+01
1 +8.00000000E+00 +1.61600000E+01 +2.51652500E+01
1 +8.00000000E+00 +1.61600000E+01 +2.11252500E+01
1 +0.00000000E+00 +1.28469748E+01 +1.72800477E+01
1 +4.04000000E+00 +1.28469748E+01 +1.72800477E+01
1 +0.00000000E+00 +1.61600000E+01 +1.70852500E+01
1 +4.04000000E+00 +1.31176174E+01 +1.62700236E+01
1 +8.00000000E+00 +1.28469748E+01 +1.72800477E+01
1 +8.00000000E+00 +1.61600000E+01 +1.70852500E+01
1 -8.00000000E+00 +1.80946214E+01 +2.28288424E+01
1 -8.00000000E+00 +1.93794000E+01 +2.53556000E+01
1 -4.04037234E+00 +1.93832601E+01 +2.53774094E+01
1 -4.04272921E+00 +1.81485868E+01 +2.28968272E+01
1 -8.00000000E+00 +1.90247000E+01 +2.87359000E+01
1 -4.04060835E+00 +1.90454475E+01 +2.86852065E+01
1 -6.09284649E-04 +1.90436778E+01 +2.86844094E+01
1 +0.00000000E+00 +2.00616141E+01 +2.51281692E+01
1 +0.00000000E+00 +2.02000000E+01 +2.11252500E+01
1 +4.04000000E+00 +2.00616141E+01 +2.51281692E+01
1 +4.04000000E+00 +2.10716228E+01 +2.13588030E+01
1 +4.03938978E+00 +1.90419081E+01 +2.86836123E+01
1 +8.00000000E+00 +1.90401732E+01 +2.86828308E+01
1 +8.00000000E+00 +2.00616141E+01 +2.51281692E+01
1 +8.00000000E+00 +2.02000000E+01 +2.11252500E+01
1 +0.00000000E+00 +2.02000000E+01 +1.70852500E+01
1 +4.04000000E+00 +2.20816315E+01 +1.75894367E+01
1 +8.00000000E+00 +2.02000000E+01 +1.70852500E+01
1 +0.00000000E+00 +2.23522653E+01 +1.65794280E+01
1 +4.04000000E+00 +2.23522653E+01 +1.65794280E+01
1 +0.00000000E+00 +2.13422565E+01 +2.03487942E+01
1 +4.04000000E+00 +2.13422565E+01 +2.03487942E+01
1 +8.00000000E+00 +2.13422565E+01 +2.03487942E+01
1 +8.00000000E+00 +2.23522653E+01 +1.65794280E+01
1 -8.00000000E+00 -1.76807000E+01 +3.05865800E+01
1 -4.04035407E+00 -1.77178217E+01 +3.05518490E+01
1 -8.00000000E+00 -1.56999000E+01 +3.17304600E+01
1 -4.04056932E+00 -1.57123917E+01 +3.17252983E+01
1 -1.01985725E-03 -1.77556904E+01 +3.05164189E+01
1 -5.69841725E-04 -1.57119817E+01 +3.17239058E+01
1 +4.03835320E+00 -1.77912772E+01 +3.04829788E+01
1 +4.03942964E+00 -1.57115716E+01 +3.17225133E+01
1 +8.00000000E+00 -1.77901073E+01 +3.04816372E+01
1 +8.00000000E+00 -1.57111696E+01 +3.17211482E+01
1 -8.00000000E+00 -1.21200000E+01 +3.20000000E+01
1 -4.04000000E+00 -1.21200000E+01 +3.20000000E+01
1 +0.00000000E+00 -1.21200000E+01 +3.20000000E+01
1 -8.00000000E+00 -8.08000000E+00 +3.20000000E+01
1 -4.04000000E+00 -8.08000000E+00 +3.20000000E+01
1 +0.00000000E+00 -8.08000000E+00 +3.20000000E+01
1 -8.00000000E+00 -8.28296000E+00 +3.80914800E+01
1 -8.00000000E+00 -8.50000000E+00 +4.13252500E+01
1 -4.04000000E+00 -8.50000000E+00 +4.13252500E+01
1 -4.04271465E+00 -8.28478722E+00 +3.81129261E+01
1 -8.00000000E+00 -8.05046815E+00 +3.72938580E+01
1 -8.00000000E+00 -8.08000000E+00 +4.13252500E+01
1 -4.04000000E+00 -8.50000000E+00 +4.13252500E+01
1 -4.03999847E+00 -8.05246558E+00 +3.72936768E+01
1 -8.00000000E+00 -8.50000000E+00 +4.53652500E+01
1 -4.04000000E+00 -8.50000000E+00 +4.53652500E+01
1 -8.00000000E+00 -8.08000000E+00 +4.53652500E+01
1 -4.04000000E+00 -8.50000000E+00 +4.53652500E+01
1 +0.00000000E+00 -8.50000000E+00 +4.13252500E+01
1 -2.71658319E-03 -8.28205488E+00 +3.81135158E+01
1 +0.00000000E+00 -8.50000000E+00 +4.13252500E+01
1 +1.51702075E-06 -8.05267063E+00 +3.72936140E+01
1 +4.04235987E+00 -1.25615302E+01 +3.18046543E+01
1 +8.00000000E+00 -1.24976975E+01 +3.17840753E+01
1 +2.00000000E+00 -8.08000000E+00 +3.20000000E+01
1 +8.00000000E+00 -1.03036000E+01 +3.05723200E+01
1 -8.00000000E+00 -4.04000000E+00 +3.32452500E+01
1 -4.03999442E+00 -3.57644345E+00 +3.39917186E+01
1 -8.00000000E+00 -5.78061287E+00 +3.60673523E+01
1 -4.03998636E+00 -5.78085773E+00 +3.60676612E+01
1 +1.36443623E-05 -5.78083647E+00 +3.60676761E+01
1 -5.21133255E-06 -3.57632014E+00 +3.39916276E+01
1 -8.00000000E+00 -1.24408455E-02 +3.30006827E+01
1 -4.04000122E+00 -1.24418471E-02 +3.30006630E+01
1 -1.21940116E-06 -1.24428690E-02 +3.30006429E+01
1 -8.00000000E+00 -6.65687142E+00 +4.21362893E+01
1 -4.04001539E+00 -6.65689267E+00 +4.21362959E+01
1 -8.00000000E+00 -4.20980417E+00 +4.55825421E+01
1 -4.03999914E+00 -4.20978983E+00 +4.55825641E+01
1 +0.00000000E+00 -8.50000000E+00 +4.53652500E+01
1 +8.56240516E-07 -4.20978211E+00 +4.55825543E+01
1 +1.70298248E-05 -6.65673301E+00 +4.21367268E+01
1 +2.00000000E+00 -8.08000000E+00 +4.13252500E+01
1 +2.00000000E+00 -8.05277214E+00 +3.72935829E+01
1 +2.00000000E+00 -6.65672113E+00 +4.21367231E+01
1 +2.00000000E+00 -5.78082594E+00 +3.60676835E+01
1 +2.00000000E+00 -8.08000000E+00 +4.53652500E+01
1 +2.00000000E+00 -4.20977828E+00 +4.55825494E+01
1 +2.00000000E+00 -4.04000000E+00 +3.32452500E+01
1 +2.00000000E+00 -4.04000000E+00 +2.92052500E+01
1 +2.00000000E+00 +1.24772815E-02 +3.30006364E+01
1 +2.00000000E+00 +0.00000000E+00 +2.92052500E+01
1 -8.00000000E+00 +4.04000000E+00 +3.32452500E+01
1 -4.04000325E+00 +3.57632566E+00 +3.39916187E+01
1 -3.24716621E-06 +3.57631778E+00 +3.39916314E+01
1 -8.00000000E+00 +8.08000000E+00 +3.20000000E+01
1 -4.04000000E+00 +8.08000000E+00 +3.20000000E+01
1 -8.00000000E+00 +5.78093990E+00 +3.60678649E+01
1 -4.04000793E+00 +5.78095202E+00 +3.60678565E+01
1 -8.00000000E+00 +8.05046815E+00 +3.72938580E+01
1 -4.03999838E+00 +8.05066980E+00 +3.72937992E+01
1 +7.19507259E-06 +5.78083149E+00 +3.60676796E+01
1 +1.60903050E-06 +8.05087552E+00 +3.72937392E+01
1 +0.00000000E+00 +8.08000000E+00 +3.20000000E+01
1 -8.00000000E+00 +6.65667620E+00 +4.21368734E+01
1 -4.04000399E+00 +6.65668170E+00 +4.21368751E+01
1 -8.00000000E+00 +8.08000000E+00 +4.13252500E+01
1 -4.04000000E+00 +8.50000000E+00 +4.13252500E+01
1 -8.00000000E+00 +4.20977295E+00 +4.55825536E+01
1 -4.04000016E+00 +4.20977433E+00 +4.55825554E+01
1 -8.00000000E+00 +8.08000000E+00 +4.53652500E+01
1 -4.04000000E+00 +8.50000000E+00 +4.53652500E+01
1 +3.25741417E-07 +4.20977974E+00 +4.55825512E+01
1 +7.10320037E-06 +6.65672609E+00 +4.21367247E+01
1 +0.00000000E+00 +8.50000000E+00 +4.53652500E+01
1 +0.00000000E+00 +8.50000000E+00 +4.13252500E+01
1 +2.00000000E+00 +6.65672113E+00 +4.21367231E+01
1 +2.00000000E+00 +5.78082594E+00 +3.60676835E+01
1 +2.00000000E+00 +8.08000000E+00 +4.13252500E+01
1 +2.00000000E+00 +8.05277214E+00 +3.72935829E+01
1 +2.00000000E+00 +4.20977828E+00 +4.55825494E+01
1 +2.00000000E+00 +8.08000000E+00 +4.53652500E+01
1 +2.00000000E+00 +4.04000000E+00 +3.32452500E+01
1 +2.00000000E+00 +4.04000000E+00 +2.92052500E+01
1 +2.00000000E+00 +8.08000000E+00 +3.20000000E+01
1 -8.00000000E+00 +1.21200000E+01 +3.20000000E+01
1 -4.04000000E+00 +1.21200000E+01 +3.20000000E+01
1 +0.00000000E+00 +1.21200000E+01 +3.20000000E+01
1 -8.00000000E+00 +1.56999000E+01 +3.17304600E+01
1 -4.04056932E+00 +1.57123917E+01 +3.17252983E+01
1 -5.69841725E-04 +1.57119817E+01 +3.17239058E+01
1 -8.00000000E+00 +8.28296000E+00 +3.80914800E+01
1 -8.00000000E+00 +8.50000000E+00 +4.13252500E+01
1 -4.04000000E+00 +8.50000000E+00 +4.13252500E+01
1 -4.04271465E+00 +8.28478722E+00 +3.81129261E+01
1 -8.00000000E+00 +8.50000000E+00 +4.53652500E+01
1 -4.04000000E+00 +8.50000000E+00 +4.53652500E+01
1 +0.00000000E+00 +8.50000000E+00 +4.13252500E+01
1 -2.71658319E-03 +8.28205488E+00 +3.81135158E+01
1 +4.04235987E+00 +1.25615302E+01 +3.18046543E+01
1 +8.00000000E+00 +1.03036000E+01 +3.05723200E+01
1 +8.00000000E+00 +1.24976975E+01 +3.17840753E+01
1 +4.03942964E+00 +1.57115716E+01 +3.17225133E+01
1 +8.00000000E+00 +1.57111696E+01 +3.17211482E+01
1 -8.00000000E+00 +1.76807000E+01 +3.05865800E+01
1 -4.04035407E+00 +1.77178217E+01 +3.05518490E+01
1 -1.01985725E-03 +1.77556904E+01 +3.05164189E+01
1 +4.03835320E+00 +1.77912772E+01 +3.04829788E+01
1 +8.00000000E+00 +1.77901073E+01 +3.04816372E+01
1 -7.95472673E+00 -8.50000000E+00 +4.93854196E+01
1 -5.33779162E+00 -8.50000000E+00 +5.01886268E+01
1 -7.95472673E+00 -8.08000000E+00 +4.93854196E+01
1 -5.33802077E+00 -8.08096844E+00 +5.01887651E+01
1 -4.04000000E+00 -8.50000000E+00 +5.34452500E+01
1 -3.15280705E-01 -8.50000000E+00 +5.29601985E+01
1 +0.00000000E+00 -8.50000000E+00 +4.94052500E+01
1 -4.08889136E+00 -8.08000000E+00 +5.36275956E+01
1 -3.15280705E-01 -8.08000000E+00 +5.29601985E+01
1 -3.18575488E-01 -8.07981040E+00 +4.93466541E+01
1 -7.95472673E+00 -4.04000000E+00 +4.93854196E+01
1 -5.34023002E+00 -4.04097009E+00 +5.01900987E+01
1 -6.71582000E+00 -8.08000000E+00 +5.20950000E+01
1 -6.71582000E+00 -4.04000000E+00 +5.20950000E+01
1 -4.08889136E+00 -4.04000000E+00 +5.36275956E+01
1 -3.15280705E-01 -4.04000000E+00 +5.29601985E+01
1 -3.16249807E-01 -4.03981179E+00 +4.93470819E+01
1 -8.00000000E+00 +7.50000000E-01 +4.69597000E+01
1 -7.95472673E+00 -7.50000000E-01 +4.93854196E+01
1 -5.29111308E+00 -7.50000000E-01 +5.02634467E+01
1 -5.08742000E+00 +7.50000000E-01 +4.69597000E+01
1 -6.71582000E+00 -7.50000000E-01 +5.20950000E+01
1 -4.04000000E+00 -7.50000000E-01 +5.34452500E+01
1 -3.15280705E-01 -7.50000000E-01 +5.29601985E+01
1 +0.00000000E+00 +7.50000000E-01 +4.94052500E+01
1 +1.97219000E+00 -8.08000000E+00 +4.92751000E+01
1 +1.97219000E+00 -4.04000000E+00 +4.92751000E+01
1 +1.13071182E+00 -8.08000000E+00 +5.15570688E+01
1 +1.13071182E+00 -4.04000000E+00 +5.15570688E+01
1 +0.00000000E+00 +7.50000000E-01 +4.69597000E+01
1 +1.97219000E+00 -7.50000000E-01 +4.92751000E+01
1 +2.00000000E+00 +7.50000000E-01 +4.69597000E+01
1 +1.13071182E+00 -7.50000000E-01 +5.15570688E+01
1 -7.95472673E+00 +4.04000000E+00 +4.93854196E+01
1 -4.80223324E+00 +4.03917423E+00 +4.98214536E+01
1 -6.71582000E+00 +4.04000000E+00 +5.20950000E+01
1 -4.08889136E+00 +4.04000000E+00 +5.36275956E+01
1 -3.15280705E-01 +4.04000000E+00 +5.29601985E+01
1 -9.53498537E-01 +4.04039759E+00 +4.91978233E+01
1 -7.95472673E+00 +8.08000000E+00 +4.93854196E+01
1 -4.77704477E+00 +8.08109701E+00 +4.98569152E+01
1 -6.71582000E+00 +8.08000000E+00 +5.20950000E+01
1 -4.08889136E+00 +8.08000000E+00 +5.36275956E+01
1 -3.15280705E-01 +8.08000000E+00 +5.29601985E+01
1 +0.00000000E+00 +8.50000000E+00 +4.94052500E+01
1 +1.97219000E+00 +4.04000000E+00 +4.92751000E+01
1 +1.13071182E+00 +4.04000000E+00 +5.15570688E+01
1 +1.97219000E+00 +8.08000000E+00 +4.92751000E+01
1 +1.13071182E+00 +8.08000000E+00 +5.15570688E+01
1 -7.95472673E+00 +8.50000000E+00 +4.93854196E+01
1 -5.15096669E+00 +8.50000000E+00 +5.00134108E+01
1 -4.04000000E+00 +8.50000000E+00 +5.34452500E+01
1 -3.15280705E-01 +8.50000000E+00 +5.29601985E+01
1 +0.00000000E+00 +8.50000000E+00 +4.94052500E+01
1 +0.00000000E+00 +8.50000000E+00 +4.53652500E+01

[Elements, ARRAY1<STRING>]
282

H 0 1 2 3 4 5 6 7 1000.0 0.45 1.0
H 3 2 8 9 7 6 10 11 1000.0 0.45 1.0
H 12 4 7 13 14 15 16 17 1000.0 0.45 1.0
H 4 5 6 7 15 18 19 16 1000.0 0.45 1.0
H 7 6 10 11 16 19 20 21 1000.0 0.45 1.0
H 13 7 11 22 17 16 21 23 1000.0 0.45 1.0
H 14 15 16 17 24 25 26 27 1000.0 0.45 1.0
H 17 16 21 23 27 26 28 29 1000.0 0.45 1.0
H 24 25 26 27 30 31 32 33 1000.0 0.45 1.0
H 25 34 35 26 31 36 37 32 1000.0 0.45 1.0
H 26 35 38 28 32 37 39 40 1000.0 0.45 1.0
H 27 26 28 29 33 32 40 41 1000.0 0.45 1.0
H 31 36 37 32 42 43 44 45 1000.0 0.45 1.0
H 32 37 39 40 45 44 46 47 1000.0 0.45 1.0
H 48 49 50 51 52 53 54 55 1000.0 0.45 1.0
H 51 50 56 57 55 54 58 59 1000.0 0.45 1.0
H 60 52 55 61 62 63 64 65 1000.0 0.45 1.0
H 52 53 54 55 63 66 67 64 1000.0 0.45 1.0
H 55 54 58 59 64 67 68 69 1000.0 0.45 1.0
H 61 55 59 70 65 64 69 71 1000.0 0.45 1.0
H 62 63 64 65 72 73 74 75 1000.0 0.45 1.0
H 65 64 69 71 75 74 76 77 1000.0 0.45 1.0
H 72 73 74 75 78 79 80 81 1000.0 0.45 1.0
H 73 82 83 74 79 84 85 80 1000.0 0.45 1.0
H 74 83 86 76 80 85 87 88 1000.0 0.45 1.0
H 75 74 76 77 81 80 88 89 1000.0 0.45 1.0
H 79 84 85 80 90 91 92 93 1000.0 0.45 1.0
H 80 85 87 88 93 92 94 95 1000.0 0.45 1.0
H 96 97 98 99 100 101 102 103 1000.0 0.45 1.0
H 99 98 104 105 103 102 106 107 1000.0 0.45 1.0
H 1 108 109 2 5 110 111 6 1000.0 0.45 1.0
H 108 112 113 109 110 96 99 111 1000.0 0.45 1.0
H 109 113 114 115 111 99 105 116 1000.0 0.45 1.0
H 2 109 115 8 6 111 116 10 1000.0 0.45 1.0
H 5 110 111 6 18 117 118 19 1000.0 0.45 1.0
H 110 96 99 111 117 100 103 118 1000.0 0.45 1.0
H 111 99 105 116 118 103 107 119 1000.0 0.45 1.0
H 6 111 116 10 19 118 119 20 1000.0 0.45 1.0
H 100 101 102 103 120 121 122 123 1000.0 0.45 1.0
H 101 124 125 102 121 126 127 122 1000.0 0.45 1.0
H 102 125 128 106 122 127 129 130 1000.0 0.45 1.0
H 103 102 106 107 123 122 130 131 1000.0 0.45 1.0
H 120 121 122 123 132 133 134 135 1000.0 0.45 1.0
H 121 126 127 122 133 136 137 134 1000.0 0.45 1.0
H 122 127 129 130 134 137 138 139 1000.0 0.45 1.0
H 123 122 130 131 135 134 139 140 1000.0 0.45 1.0
H 18 117 118 19 34 141 142 35 1000.0 0.45 1.0
H 117 100 103 118 141 120 123 142 1000.0 0.45 1.0
H 118 103 107 119 142 123 131 143 1000.0 0.45 1.0
H 19 118 119 20 35 142 143 38 1000.0 0.45 1.0
H 34 141 142 35 36 144 145 37 1000.0 0.45 1.0
H 141 120 123 142 144 132 135 145 1000.0 0.45 1.0
H 142 123 131 143 145 135 140 146 1000.0 0.45 1.0
H 35 142 143 38 37 145 146 39 1000.0 0.45 1.0
H 132 133 134 135 147 148 149 150 1000.0 0.45 1.0
H 133 136 137 134 148 151 152 149 1000.0 0.45 1.0
H 134 137 138 139 149 152 153 154 1000.0 0.45 1.0
H 135 134 139 140 150 149 154 155 1000.0 0.45 1.0
H 36 144 145 37 43 156 157 44 1000.0 0.45 1.0
H 144 132 135 145 156 147 150 157 1000.0 0.45 1.0
H 145 135 140 146 157 150 155 158 1000.0 0.45 1.0
H 37 145 146 39 44 157 158 46 1000.0 0.45 1.0
H 159 160 161 162 163 164 165 166 1000.0 0.45 1.0
H 160 167 168 161 164 169 170 165 1000.0 0.45 1.0
H 161 168 171 172 165 170 173 174 1000.0 0.45 1.0
H 162 161 172 175 166 165 174 176 1000.0 0.45 1.0
H 49 177 178 50 53 179 180 54 1000.0 0.45 1.0
H 177 159 162 178 179 163 166 180 1000.0 0.45 1.0
H 178 162 175 181 180 166 176 182 1000.0 0.45 1.0
H 50 178 181 56 54 180 182 58 1000.0 0.45 1.0
H 163 164 165 166 183 184 185 186 1000.0 0.45 1.0
H 164 169 170 165 184 187 188 185 1000.0 0.45 1.0
H 165 170 173 174 185 188 189 190 1000.0 0.45 1.0
H 166 165 174 176 186 185 190 191 1000.0 0.45 1.0
H 183 184 185 186 192 193 194 195 1000.0 0.45 1.0
H 184 187 188 185 193 196 197 194 1000.0 0.45 1.0
H 185 188 189 190 194 197 198 199 1000.0 0.45 1.0
H 186 185 190 191 195 194 199 200 1000.0 0.45 1.0
H 53 179 180 54 66 201 202 67 1000.0 0.45 1.0
H 179 163 166 180 201 183 186 202 1000.0 0.45 1.0
H 180 166 176 182 202 186 191 203 1000.0 0.45 1.0
H 54 180 182 58 67 202 203 68 1000.0 0.45 1.0
H 66 201 202 67 82 204 205 83 1000.0 0.45 1.0
H 201 183 186 202 204 192 195 205 1000.0 0.45 1.0
H 202 186 191 203 205 195 200 206 1000.0 0.45 1.0
H 67 202 203 68 83 205 206 86 1000.0 0.45 1.0
H 192 193 194 195 207 208 209 210 1000.0 0.45 1.0
H 195 194 199 200 210 209 211 212 1000.0 0.45 1.0
H 82 204 205 83 84 213 214 85 1000.0 0.45 1.0
H 204 192 195 205 213 207 210 214 1000.0 0.45 1.0
H 205 195 200 206 214 210 212 215 1000.0 0.45 1.0
H 83 205 206 86 85 214 215 87 1000.0 0.45 1.0
H 84 213 214 85 91 216 217 92 1000.0 0.45 1.0
H 213 207 210 214 216 218 219 217 1000.0 0.45 1.0
H 214 210 212 215 217 219 220 221 1000.0 0.45 1.0
H 85 214 215 87 92 217 221 94 1000.0 0.45 1.0
H 222 223 224 225 226 227 228 229 1000.0 0.45 1.0
H 223 230 231 224 227 232 233 228 1000.0 0.45 1.0
H 224 231 234 235 228 233 236 237 1000.0 0.45 1.0
H 225 224 235 238 229 228 237 239 1000.0 0.45 1.0
H 238 235 240 241 239 237 242 243 1000.0 0.45 1.0
H 235 234 244 240 237 236 245 242 1000.0 0.45 1.0
H 240 244 246 247 242 245 248 249 1000.0 0.45 1.0
H 241 240 247 250 243 242 249 251 1000.0 0.45 1.0
H 124 252 253 125 126 254 255 127 1000.0 0.45 1.0
H 252 256 257 253 254 238 241 255 1000.0 0.45 1.0
H 253 257 258 259 255 241 250 260 1000.0 0.45 1.0
H 125 253 259 128 127 255 260 129 1000.0 0.45 1.0
H 126 254 255 127 136 261 262 137 1000.0 0.45 1.0
H 254 238 241 255 261 239 243 262 1000.0 0.45 1.0
H 255 241 250 260 262 243 251 263 1000.0 0.45 1.0
H 127 255 260 129 137 262 263 138 1000.0 0.45 1.0
H 264 265 266 267 268 269 270 271 1000.0 0.45 1.0
H 226 227 228 229 265 272 273 266 1000.0 0.45 1.0
H 227 232 233 228 272 274 275 273 1000.0 0.45 1.0
H 228 233 236 237 273 275 276 277 1000.0 0.45 1.0
H 229 228 237 239 266 273 277 278 1000.0 0.45 1.0
H 265 272 273 266 269 279 280 270 1000.0 0.45 1.0
H 272 274 275 273 279 281 282 280 1000.0 0.45 1.0
H 273 275 276 277 280 282 283 284 1000.0 0.45 1.0
H 266 273 277 278 270 280 284 285 1000.0 0.45 1.0
H 239 237 242 243 278 277 286 287 1000.0 0.45 1.0
H 237 236 245 242 277 276 288 286 1000.0 0.45 1.0
H 242 245 248 249 286 288 289 290 1000.0 0.45 1.0
H 243 242 249 251 287 286 290 291 1000.0 0.45 1.0
H 278 277 286 287 285 284 292 293 1000.0 0.45 1.0
H 277 276 288 286 284 283 294 292 1000.0 0.45 1.0
H 286 288 289 290 292 294 295 296 1000.0 0.45 1.0
H 287 286 290 291 293 292 296 297 1000.0 0.45 1.0
H 136 261 262 137 151 298 299 152 1000.0 0.45 1.0
H 261 239 243 262 298 278 287 299 1000.0 0.45 1.0
H 262 243 251 263 299 287 291 300 1000.0 0.45 1.0
H 137 262 263 138 152 299 300 153 1000.0 0.45 1.0
H 268 269 270 271 301 302 303 304 1000.0 0.45 1.0
H 301 302 303 304 305 306 307 308 1000.0 0.45 1.0
H 269 279 280 270 302 309 310 303 1000.0 0.45 1.0
H 279 281 282 280 309 311 312 310 1000.0 0.45 1.0
H 280 282 283 284 310 312 313 314 1000.0 0.45 1.0
H 270 280 284 285 303 310 314 315 1000.0 0.45 1.0
H 302 309 310 303 306 316 317 307 1000.0 0.45 1.0
H 309 311 312 310 316 318 319 317 1000.0 0.45 1.0
H 310 312 313 314 317 319 320 321 1000.0 0.45 1.0
H 303 310 314 315 307 317 321 322 1000.0 0.45 1.0
H 285 284 292 293 315 314 323 324 1000.0 0.45 1.0
H 315 314 323 324 322 321 325 326 1000.0 0.45 1.0
H 305 306 307 308 327 328 329 330 1000.0 0.45 1.0
H 327 328 329 330 331 332 333 334 1000.0 0.45 1.0
H 306 316 317 307 328 335 336 329 1000.0 0.45 1.0
H 316 318 319 317 335 337 338 336 1000.0 0.45 1.0
H 317 319 320 321 336 338 339 340 1000.0 0.45 1.0
H 307 317 321 322 329 336 340 341 1000.0 0.45 1.0
H 328 335 336 329 332 342 343 333 1000.0 0.45 1.0
H 335 337 338 336 342 344 345 343 1000.0 0.45 1.0
H 336 338 339 340 343 345 346 347 1000.0 0.45 1.0
H 329 336 340 341 333 343 347 348 1000.0 0.45 1.0
H 322 321 325 326 341 340 349 350 1000.0 0.45 1.0
H 341 340 349 350 348 347 351 352 1000.0 0.45 1.0
H 331 332 333 334 353 354 355 356 1000.0 0.45 1.0
H 332 342 343 333 354 357 358 355 1000.0 0.45 1.0
H 342 344 345 343 357 359 360 358 1000.0 0.45 1.0
H 343 345 346 347 358 360 361 362 1000.0 0.45 1.0
H 333 343 347 348 355 358 362 363 1000.0 0.45 1.0
H 354 357 358 355 364 365 366 367 1000.0 0.45 1.0
H 357 359 360 358 365 368 369 366 1000.0 0.45 1.0
H 358 360 361 362 366 369 370 371 1000.0 0.45 1.0
H 355 358 362 363 367 366 371 372 1000.0 0.45 1.0
H 348 347 351 352 363 362 373 374 1000.0 0.45 1.0
H 347 346 375 351 362 361 376 373 1000.0 0.45 1.0
H 351 375 377 378 373 376 379 380 1000.0 0.45 1.0
H 352 351 378 381 374 373 380 382 1000.0 0.45 1.0
H 363 362 373 374 372 371 383 384 1000.0 0.45 1.0
H 362 361 376 373 371 370 385 383 1000.0 0.45 1.0
H 373 376 379 380 383 385 386 387 1000.0 0.45 1.0
H 374 373 380 382 384 383 387 388 1000.0 0.45 1.0
H 167 389 390 168 169 391 392 170 1000.0 0.45 1.0
H 389 363 374 390 391 372 384 392 1000.0 0.45 1.0
H 390 374 382 393 392 384 388 394 1000.0 0.45 1.0
H 168 390 393 171 170 392 394 173 1000.0 0.45 1.0
H 364 365 366 367 395 396 397 398 1000.0 0.45 1.0
H 365 368 369 366 396 399 400 397 1000.0 0.45 1.0
H 366 369 370 371 397 400 401 402 1000.0 0.45 1.0
H 367 366 371 372 398 397 402 403 1000.0 0.45 1.0
H 372 371 383 384 403 402 404 405 1000.0 0.45 1.0
H 371 370 385 383 402 401 406 404 1000.0 0.45 1.0
H 383 385 386 387 404 406 407 408 1000.0 0.45 1.0
H 384 383 387 388 405 404 408 409 1000.0 0.45 1.0
H 169 391 392 170 187 410 411 188 1000.0 0.45 1.0
H 391 372 384 392 410 403 405 411 1000.0 0.45 1.0
H 392 384 388 394 411 405 409 412 1000.0 0.45 1.0
H 170 392 394 173 188 411 412 189 1000.0 0.45 1.0
H 187 410 411 188 196 413 414 197 1000.0 0.45 1.0
H 410 403 405 411 413 415 416 414 1000.0 0.45 1.0
H 411 405 409 412 414 416 417 418 1000.0 0.45 1.0
H 188 411 412 189 197 414 418 198 1000.0 0.45 1.0
H 230 419 420 231 232 421 422 233 1000.0 0.45 1.0
H 231 420 423 234 233 422 424 236 1000.0 0.45 1.0
H 234 423 425 244 236 424 426 245 1000.0 0.45 1.0
H 244 425 427 246 245 426 428 248 1000.0 0.45 1.0
H 232 421 422 233 274 429 430 275 1000.0 0.45 1.0
H 233 422 424 236 275 430 431 276 1000.0 0.45 1.0
H 274 429 430 275 281 432 433 282 1000.0 0.45 1.0
H 275 430 431 276 282 433 434 283 1000.0 0.45 1.0
H 435 436 437 438 439 440 441 442 1000.0 0.45 1.0
H 436 443 444 437 440 445 446 441 1000.0 0.45 1.0
H 438 437 447 448 442 441 449 450 1000.0 0.45 1.0
H 236 424 426 245 276 431 451 288 1000.0 0.45 1.0
H 245 426 428 248 288 451 452 289 1000.0 0.45 1.0
H 276 431 451 288 283 434 453 294 1000.0 0.45 1.0
H 288 451 452 289 294 453 454 295 1000.0 0.45 1.0
H 281 432 433 282 311 455 456 312 1000.0 0.45 1.0
H 432 439 442 433 455 457 458 456 1000.0 0.45 1.0
H 433 442 450 434 456 458 459 460 1000.0 0.45 1.0
