# vtk DataFile Version 2.0
Unstructured Grid guide1
ASCII

DATASET UNSTRUCTURED_GRID
Points 226 float
 +0.00000000E+00 -2.74488993E+01 -6.67155832E+00 +0.00000000E+00 -3.14778326E+01 -2.33273276E+00
 +0.00000000E+00 -3.14778326E+01 -2.33273276E+00 +0.00000000E+00 -2.74488993E+01 -6.67155832E+00
 +0.00000000E+00 -2.37285970E+01 -1.05350694E+01 -1.77635684E-15 -2.42400000E+01 -3.11475000E+00
 +0.00000000E+00 -2.42400000E+01 -3.11475000E+00 +2.70911520E-04 -2.37285970E+01 -1.05350695E+01
 +8.00000000E+00 -3.14778326E+01 -2.33273276E+00 +8.00000000E+00 -2.74488993E+01 -6.67155832E+00
 +8.00000000E+00 -2.42400000E+01 -3.11475000E+00 +8.00000000E+00 -2.37375362E+01 -1.05243278E+01
 +0.00000000E+00 -2.21595000E+01 -1.13071000E+01 +0.00000000E+00 -2.21595000E+01 -1.13071000E+01
 +0.00000000E+00 -1.89575000E+01 -1.11538000E+01 +0.00000000E+00 -1.72541866E+01 -1.00327456E+01
 +1.18132891E-03 -1.72541860E+01 -1.00327462E+01 +2.37992500E-04 -1.89575000E+01 -1.11538000E+01
 +0.00000000E+00 -1.61600000E+01 -3.11475000E+00 +0.00000000E+00 -1.61600000E+01 -3.11475000E+00
 +8.00000000E+00 -1.61600000E+01 -3.11475000E+00 +8.00000000E+00 -1.72983026E+01 -1.00722238E+01
 +8.00000000E+00 -2.19358047E+01 -1.13630365E+01 +8.00000000E+00 -1.89574000E+01 -1.11540000E+01
 +0.00000000E+00 -1.60492000E+01 -8.10280000E+00 +0.00000000E+00 -1.57850000E+01 -3.11475000E+00
 +0.00000000E+00 -1.57850000E+01 -3.11475000E+00 +4.71349255E-03 -1.60492323E+01 -8.10289056E+00
 +8.00000000E+00 -1.57850000E+01 -3.11475000E+00 +8.00000000E+00 -1.61041000E+01 -8.25650000E+00
 -0.00000000E+00 +1.60492000E+01 -8.10280000E+00 +0.00000000E+00 +1.57850000E+01 -3.11475000E+00
 +0.00000000E+00 +1.57850000E+01 -3.11475000E+00 +4.71349255E-03 +1.60492323E+01 -8.10289056E+00
 +0.00000000E+00 +1.72541866E+01 -1.00327456E+01 +0.00000000E+00 +1.61600000E+01 -3.11475000E+00
 +0.00000000E+00 +1.61600000E+01 -3.11475000E+00 +1.18132891E-03 +1.72541860E+01 -1.00327462E+01
 +8.00000000E+00 +1.57850000E+01 -3.11475000E+00 +8.00000000E+00 +1.61041000E+01 -8.25650000E+00
 +8.00000000E+00 +1.61600000E+01 -3.11475000E+00 +8.00000000E+00 +1.72983026E+01 -1.00722238E+01
 -0.00000000E+00 +1.89575000E+01 -1.11538000E+01 +2.37992500E-04 +1.89575000E+01 -1.11538000E+01
 -0.00000000E+00 +2.21595000E+01 -1.13071000E+01 +0.00000000E+00 +2.37285970E+01 -1.05350694E+01
 +2.70911520E-04 +2.37285970E+01 -1.05350695E+01 -0.00000000E+00 +2.21595000E+01 -1.13071000E+01
 +0.00000000E+00 +2.42400000E+01 -3.11475000E+00 +0.00000000E+00 +2.42400000E+01 -3.11475000E+00
 +8.00000000E+00 +2.42400000E+01 -3.11475000E+00 +8.00000000E+00 +2.37375362E+01 -1.05243278E+01
 +8.00000000E+00 +1.89574000E+01 -1.11540000E+01 +8.00000000E+00 +2.19358047E+01 -1.13630365E+01
 +0.00000000E+00 +2.74488993E+01 -6.67155832E+00 +0.00000000E+00 +3.14778326E+01 -2.33273276E+00
 +0.00000000E+00 +3.14778326E+01 -2.33273276E+00 +0.00000000E+00 +2.74488993E+01 -6.67155832E+00
 +8.00000000E+00 +3.14778326E+01 -2.33273276E+00 +8.00000000E+00 +2.74488993E+01 -6.67155832E+00
 +0.00000000E+00 -3.23865000E+01 -8.71100000E-01 +0.00000000E+00 -3.22234000E+01 +1.20440000E+00
 +0.00000000E+00 -3.22234000E+01 +1.20440000E+00 +0.00000000E+00 -3.23865000E+01 -8.71100000E-01
 +0.00000000E+00 -3.06110194E+01 +2.92773988E+00 +5.48185537E-03 -3.06110267E+01 +2.92774853E+00
 +8.00000000E+00 -3.23139000E+01 +9.86300000E-01 +8.00000000E+00 -3.23665664E+01 -9.16847737E-01
 +8.00000000E+00 -3.05996075E+01 +2.94787087E+00 +0.00000000E+00 -2.42400000E+01 +4.96525000E+00
 +0.00000000E+00 -2.42400000E+01 +4.96525000E+00 +0.00000000E+00 -2.55176144E+01 +8.86122920E+00
 +1.65752751E-02 -2.55176437E+01 +8.86124723E+00 +0.00000000E+00 -2.35473747E+01 +1.27859302E+01
 +0.00000000E+00 -2.35473747E+01 +1.27859302E+01 +8.00000000E+00 -2.54886907E+01 +8.92145730E+00
 +8.00000000E+00 -2.35641900E+01 +1.27734501E+01 +8.00000000E+00 -2.42400000E+01 +4.96525000E+00
 +0.00000000E+00 -1.61600000E+01 +4.96525000E+00 +0.00000000E+00 -1.61600000E+01 +4.96525000E+00
 +0.00000000E+00 -1.61600000E+01 +1.30452500E+01 +0.00000000E+00 -1.61600000E+01 +1.30452500E+01
 +8.00000000E+00 -1.61600000E+01 +1.30452500E+01 +8.00000000E+00 -1.61600000E+01 +4.96525000E+00
 +0.00000000E+00 -1.57850000E+01 +4.96525000E+00 +0.00000000E+00 -1.57850000E+01 +4.96525000E+00
 -8.00000000E+00 -8.08000000E+00 +2.10000000E+01 +0.00000000E+00 -1.35863563E+01 +1.45207143E+01
 +8.00000000E+00 -1.35863563E+01 +1.45207143E+01 +8.00000000E+00 -1.57850000E+01 +4.96525000E+00
 +0.00000000E+00 +1.57850000E+01 +4.96525000E+00 +0.00000000E+00 +1.57850000E+01 +4.96525000E+00
 +0.00000000E+00 +1.61600000E+01 +4.96525000E+00 +0.00000000E+00 +1.61600000E+01 +4.96525000E+00
 -8.00000000E+00 +8.08000000E+00 +2.10000000E+01 +0.00000000E+00 +1.35863563E+01 +1.45207143E+01
 +0.00000000E+00 +1.61600000E+01 +1.30452500E+01 +0.00000000E+00 +1.61600000E+01 +1.30452500E+01
 +8.00000000E+00 +1.35863563E+01 +1.45207143E+01 +8.00000000E+00 +1.57850000E+01 +4.96525000E+00
 +8.00000000E+00 +1.61600000E+01 +1.30452500E+01 +8.00000000E+00 +1.61600000E+01 +4.96525000E+00
 -1.77635684E-15 +2.42400000E+01 +4.96525000E+00 +0.00000000E+00 +2.42400000E+01 +4.96525000E+00
 +0.00000000E+00 +2.35473747E+01 +1.27859302E+01 +0.00000000E+00 +2.35473747E+01 +1.27859302E+01
 +8.00000000E+00 +2.35641900E+01 +1.27734501E+01 +8.00000000E+00 +2.42400000E+01 +4.96525000E+00
 +0.00000000E+00 +3.06110194E+01 +2.92773988E+00 +0.00000000E+00 +3.06110194E+01 +2.92773988E+00
 +0.00000000E+00 +2.55176144E+01 +8.86122920E+00 +0.00000000E+00 +2.55176144E+01 +8.86122920E+00
 +8.00000000E+00 +2.54886907E+01 +8.92145730E+00 +8.00000000E+00 +3.05996075E+01 +2.94787087E+00
 -0.00000000E+00 +3.23865000E+01 -8.71100000E-01 -0.00000000E+00 +3.22234000E+01 +1.20440000E+00
 -0.00000000E+00 +3.22234000E+01 +1.20440000E+00 -0.00000000E+00 +3.23865000E+01 -8.71100000E-01
 +8.00000000E+00 +3.23139000E+01 +9.86300000E-01 +8.00000000E+00 +3.23665664E+01 -9.16847737E-01
 -8.00000000E+00 -1.88293277E+01 +2.38801576E+01 +0.00000000E+00 -2.13422565E+01 +2.03487942E+01
 -8.00000000E+00 -1.60528002E+01 +2.14049062E+01 +0.00000000E+00 -1.61600000E+01 +2.11252500E+01
 -8.00000000E+00 -1.93139020E+01 +2.78889073E+01 +0.00000000E+00 -1.93222391E+01 +2.78875268E+01
 -8.00000000E+00 -1.61600000E+01 +2.92052500E+01 +0.00000000E+00 -1.61600000E+01 +2.92052500E+01
 +8.00000000E+00 -1.93222391E+01 +2.78875268E+01 +8.00000000E+00 -2.13422565E+01 +2.03487942E+01
 +8.00000000E+00 -1.61600000E+01 +2.92052500E+01 +8.00000000E+00 -1.61600000E+01 +2.11252500E+01
 -8.00000000E+00 -8.08000000E+00 +2.11252500E+01 +0.00000000E+00 -8.08000000E+00 +2.11252500E+01
 -8.00000000E+00 -8.08000000E+00 +2.92052500E+01 +0.00000000E+00 -8.08000000E+00 +2.92052500E+01
 +8.00000000E+00 -8.99055622E+00 +2.87581468E+01 +8.00000000E+00 -1.00880148E+01 +2.24012413E+01
 -8.00000000E+00 +0.00000000E+00 +2.10000000E+01 -8.00000000E+00 +0.00000000E+00 +2.11252500E+01
 +0.00000000E+00 +0.00000000E+00 +2.11252500E+01 +0.00000000E+00 +0.00000000E+00 +2.10000000E+01
 -8.00000000E+00 +0.00000000E+00 +2.92052500E+01 +0.00000000E+00 +0.00000000E+00 +2.92052500E+01
 +2.00000000E+00 +0.00000000E+00 +2.92052500E+01 +2.00000000E+00 +0.00000000E+00 +2.11252500E+01
 +2.00000000E+00 +0.00000000E+00 +2.10000000E+01 -8.00000000E+00 +8.08000000E+00 +2.11252500E+01
 +0.00000000E+00 +8.08000000E+00 +2.11252500E+01 -8.00000000E+00 +8.08000000E+00 +2.92052500E+01
 +0.00000000E+00 +8.08000000E+00 +2.92052500E+01 +8.00000000E+00 +8.99055622E+00 +2.87581468E+01
 +8.00000000E+00 +1.00880148E+01 +2.24012413E+01 -8.00000000E+00 +1.60528002E+01 +2.14049062E+01
 +0.00000000E+00 +1.61600000E+01 +2.11252500E+01 -8.00000000E+00 +1.61600000E+01 +2.92052500E+01
 +0.00000000E+00 +1.61600000E+01 +2.92052500E+01 +8.00000000E+00 +1.61600000E+01 +2.92052500E+01
 +8.00000000E+00 +1.61600000E+01 +2.11252500E+01 -8.00000000E+00 +1.88293277E+01 +2.38801576E+01
 +0.00000000E+00 +2.13422565E+01 +2.03487942E+01 -8.00000000E+00 +1.93139020E+01 +2.78889073E+01
 +0.00000000E+00 +1.93222391E+01 +2.78875268E+01 +8.00000000E+00 +1.93222391E+01 +2.78875268E+01
 +8.00000000E+00 +2.13422565E+01 +2.03487942E+01 -8.00000000E+00 -1.76807000E+01 +3.05865800E+01
 +1.41889078E-03 -1.77557133E+01 +3.05163976E+01 -8.00000000E+00 -1.51438000E+01 +3.18797600E+01
 -1.84176628E-03 -1.51867865E+01 +3.18693157E+01 +8.00000000E+00 -1.78307000E+01 +3.04462400E+01
 +8.00000000E+00 -1.51863129E+01 +3.18666796E+01 -8.00000000E+00 -8.05046815E+00 +3.72938580E+01
 +1.51702075E-06 -8.05267063E+00 +3.72936140E+01 -8.00000000E+00 -8.50000000E+00 +4.53652500E+01
 +0.00000000E+00 -8.50000000E+00 +4.53652500E+01 -8.00000000E+00 -8.08000000E+00 +4.53652500E+01
 +0.00000000E+00 -8.08000000E+00 +4.53652500E+01 +2.00000000E+00 -8.50000000E+00 +4.53652500E+01
 +2.00000000E+00 -8.08000000E+00 +4.53652500E+01 +2.00000000E+00 -8.05277214E+00 +3.72935829E+01
 -8.00000000E+00 -2.17420395E-01 +3.30111098E+01 +2.07217884E-05 -2.18015868E-01 +3.30111109E+01
 -8.00000000E+00 +7.50000000E-01 +4.69597000E+01 +0.00000000E+00 +7.50000000E-01 +4.69597000E+01
 +2.00000000E+00 +7.50000000E-01 +4.69597000E+01 +2.00000000E+00 +2.18015375E-01 +3.30111206E+01
 -8.00000000E+00 +8.05046815E+00 +3.72938580E+01 +1.60903050E-06 +8.05087552E+00 +3.72937392E+01
 -8.00000000E+00 +8.08000000E+00 +4.53652500E+01 +0.00000000E+00 +8.08000000E+00 +4.53652500E+01
 +2.00000000E+00 +8.08000000E+00 +4.53652500E+01 +2.00000000E+00 +8.05277214E+00 +3.72935829E+01
 -8.00000000E+00 +1.51438000E+01 +3.18797600E+01 -1.84176628E-03 +1.51867865E+01 +3.18693157E+01
 -8.00000000E+00 +8.50000000E+00 +4.53652500E+01 +0.00000000E+00 +8.50000000E+00 +4.53652500E+01
 +2.00000000E+00 +8.50000000E+00 +4.53652500E+01 +8.00000000E+00 +1.51863129E+01 +3.18666796E+01
 -8.00000000E+00 +1.76807000E+01 +3.05865800E+01 +1.41889078E-03 +1.77557133E+01 +3.05163976E+01
 +8.00000000E+00 +1.78307000E+01 +3.04462400E+01 -6.71582000E+00 -8.50000000E+00 +5.20950000E+01
 -3.15280705E-01 -8.50000000E+00 +5.29601985E+01 -6.71582000E+00 -8.08000000E+00 +5.20950000E+01
 -3.15280705E-01 -8.08000000E+00 +5.29601985E+01 -4.93619555E+00 -8.50000000E+00 +5.33546940E+01
 -1.95960000E+00 -8.50000000E+00 +5.36406000E+01 -4.93619555E+00 -8.08000000E+00 +5.33546940E+01
 -1.95960000E+00 -8.08000000E+00 +5.36406000E+01 +1.56726000E+00 -8.50000000E+00 +5.07847000E+01
 +1.56726000E+00 -8.08000000E+00 +5.07847000E+01 -6.71582000E+00 -7.50000000E-01 +5.20950000E+01
 -3.15280705E-01 -7.50000000E-01 +5.29601985E+01 -4.93619555E+00 +7.50000000E-01 +5.33546940E+01
 -1.95960000E+00 -7.50000000E-01 +5.36406000E+01 +1.56726000E+00 -7.50000000E-01 +5.07847000E+01
 -6.71582000E+00 +8.08000000E+00 +5.20950000E+01 -3.15280705E-01 +8.08000000E+00 +5.29601985E+01
 -4.93619555E+00 +8.08000000E+00 +5.33546940E+01 -1.95960000E+00 +8.08000000E+00 +5.36406000E+01
 +1.56726000E+00 +8.08000000E+00 +5.07847000E+01 -6.71582000E+00 +8.50000000E+00 +5.20950000E+01
 -3.15280705E-01 +8.50000000E+00 +5.29601985E+01 -4.93619555E+00 +8.50000000E+00 +5.33546940E+01
 -1.95960000E+00 +8.50000000E+00 +5.36406000E+01 +1.56726000E+00 +8.50000000E+00 +5.07847000E+01

CELLS 100 900
8 0 1 2 3 4 5 6 7
8 3 2 8 9 7 6 10 11
8 12 4 7 13 14 15 16 17
8 4 5 6 7 15 18 19 16
8 7 6 10 11 16 19 20 21
8 13 7 11 22 17 16 21 23
8 15 18 19 16 24 25 26 27
8 16 19 20 21 27 26 28 29
8 30 31 32 33 34 35 36 37
8 33 32 38 39 37 36 40 41
8 42 34 37 43 44 45 46 47
8 34 35 36 37 45 48 49 46
8 37 36 40 41 46 49 50 51
8 43 37 41 52 47 46 51 53
8 45 48 49 46 54 55 56 57
8 46 49 50 51 57 56 58 59
8 60 61 62 63 1 64 65 2
8 63 62 66 67 2 65 68 8
8 1 64 65 2 5 69 70 6
8 64 71 72 65 69 73 74 70
8 65 72 75 68 70 74 76 77
8 2 65 68 8 6 70 77 10
8 5 69 70 6 18 78 79 19
8 69 73 74 70 78 80 81 79
8 70 74 76 77 79 81 82 83
8 6 70 77 10 19 79 83 20
8 18 78 79 19 25 84 85 26
8 78 80 81 79 84 86 87 85
8 79 81 82 83 85 87 88 89
8 19 79 83 20 26 85 89 28
8 31 90 91 32 35 92 93 36
8 90 94 95 91 92 96 97 93
8 91 95 98 99 93 97 100 101
8 32 91 99 38 36 93 101 40
8 35 92 93 36 48 102 103 49
8 92 96 97 93 102 104 105 103
8 93 97 100 101 103 105 106 107
8 36 93 101 40 49 103 107 50
8 48 102 103 49 55 108 109 56
8 102 104 105 103 108 110 111 109
8 103 105 106 107 109 111 112 113
8 49 103 107 50 56 109 113 58
8 55 108 109 56 114 115 116 117
8 56 109 113 58 117 116 118 119
8 73 120 121 74 80 122 123 81
8 120 124 125 121 122 126 127 123
8 121 125 128 129 123 127 130 131
8 74 121 129 76 81 123 131 82
8 80 122 123 81 86 132 133 87
8 122 126 127 123 132 134 135 133
8 123 127 130 131 133 135 136 137
8 81 123 131 82 87 133 137 88
8 86 132 133 87 138 139 140 141
8 132 134 135 133 139 142 143 140
8 133 135 136 137 140 143 144 145
8 87 133 137 88 141 140 145 146
8 138 139 140 141 94 147 148 95
8 139 142 143 140 147 149 150 148
8 140 143 144 145 148 150 151 152
8 141 140 145 146 95 148 152 98
8 94 147 148 95 96 153 154 97
8 147 149 150 148 153 155 156 154
8 148 150 151 152 154 156 157 158
8 95 148 152 98 97 154 158 100
8 96 153 154 97 104 159 160 105
8 153 155 156 154 159 161 162 160
8 154 156 157 158 160 162 163 164
8 97 154 158 100 105 160 164 106
8 124 165 166 125 126 167 168 127
8 125 166 169 128 127 168 170 130
8 126 167 168 127 134 171 172 135
8 167 173 174 168 171 175 176 172
8 168 174 177 170 172 176 178 179
8 127 168 170 130 135 172 179 136
8 134 171 172 135 142 180 181 143
8 171 175 176 172 180 182 183 181
8 172 176 178 179 181 183 184 185
8 135 172 179 136 143 181 185 144
8 142 180 181 143 149 186 187 150
8 180 182 183 181 186 188 189 187
8 181 183 184 185 187 189 190 191
8 143 181 185 144 150 187 191 151
8 149 186 187 150 155 192 193 156
8 186 188 189 187 192 194 195 193
8 187 189 190 191 193 195 196 197
8 150 187 191 151 156 193 197 157
8 155 192 193 156 161 198 199 162
8 156 193 197 157 162 199 200 163
8 173 201 202 174 175 203 204 176
8 201 205 206 202 203 207 208 204
8 174 202 209 177 176 204 210 178
8 175 203 204 176 182 211 212 183
8 203 207 208 204 211 213 214 212
8 176 204 210 178 183 212 215 184
8 182 211 212 183 188 216 217 189
8 211 213 214 212 216 218 219 217
8 183 212 215 184 189 217 220 190
8 188 216 217 189 194 221 222 195
8 216 218 219 217 221 223 224 222
8 189 217 220 190 195 222 225 196

CELL_TYPES 100

12
12
12
12
12
12
12
12
12
12
12
12
12
12
12
12
12
12
12
12
12
12
12
12
12
12
12
12
12
12

12
12
12
12
12
12
12
12
12
12
12
12
12
12
12
12
12
12
12
12
12
12
12
12
12
12
12
12
12
12

12
12
12
12
12
12
12
12
12
12
12
12
12
12
12
12
12
12
12
12
12
12
12
12
12
12
12
12
12
12

12
12
12
12
12
12
12
12
12
12
